tent	4	1.6031770618259884	4	-1.141353777116123
doughnut	5	4.558099446112438	1	-1.3839507329471399
reveal	0	-0.0	3	1.223426208842744
cereal	5	5.4697072300822125	0	-0.0
pier	2	2.187882892032885	0	-0.0
several	0	-0.0	12	4.893704835370976
gloved	0	0.0	1	0.40780873628091463
thick	0	-0.0	4	1.6312349451236585
exposure	0	0.0	1	0.40780873628091463
freezer	1	0.4007942654564971	1	-0.28533844427903077
pin	1	-0.2923529151034483	3	0.36037999148739885
blood	0	0.0	2	0.8156174725618293
driver	2	-0.009341685303333236	4	0.009374512691003645
paper	12	-1.3203762997139208	28	1.431746185581126
r	0	0.0	1	0.40780873628091463
time	0	-0.0	25	10.195218407022866
accessory	0	0.0	1	0.40780873628091463
minifigure	1	1.0939414460164425	0	0.0
stop	4	4.37576578406577	0	-0.0
automobile	0	0.0	1	0.40780873628091463
hardly	0	0.0	1	0.40780873628091463
machinery	0	0.0	1	0.40780873628091463
foreground	0	-0.0	32	13.049879560989268
yellow	13	-15.098079907651746	111	32.973368290691475
cutter	0	0.0	2	0.8156174725618293
amber	0	0.0	1	0.40780873628091463
dirty	4	2.1373026323240794	3	-1.3184673723188691
grasp	0	-0.0	6	2.446852417685488
stoplight	0	-0.0	3	1.223426208842744
residual	0	0.0	1	0.40780873628091463
tan	0	-0.0	6	2.446852417685488
octopus	0	0.0	2	0.8156174725618293
everything	0	0.0	1	0.40780873628091463
you	0	-0.0	393	160.26883335839946
marshmallow	2	2.187882892032885	0	-0.0
walk	59	41.62867550478708	28	-20.325056421557015
bucket	3	2.4187781206939825	1	-0.9784856248389762
wedding	12	13.12729735219731	0	-0.0
center	0	-0.0	112	45.67457846346244
sit	357	336.79333860084154	58	-90.48155285739517
grass	14	6.120266734783211	13	-4.200024039404417
Green	0	0.0	2	0.8156174725618293
amount	1	-1.3039538267819282	10	3.1249855647659075
rider	0	-0.0	3	1.223426208842744
consist	0	0.0	1	0.40780873628091463
van	5	1.5274204282608572	6	-1.1899624037364092
add	0	0.0	2	0.8156174725618293
pirate	0	-0.0	4	1.6312349451236585
perpendicular	0	-0.0	3	1.223426208842744
pose	4	2.1373026323240794	3	-1.3184673723188691
mix	3	0.33933657901414627	5	-0.31097446482410973
bearded	0	0.0	1	0.40780873628091463
toe	0	-0.0	4	1.6312349451236585
down	70	5.220497030173092	124	-4.931214289994799
swinge	0	-0.0	3	1.223426208842744
t	1	-0.004670842651666618	2	0.004687256345501822
slice	7	1.8708401098238205	9	-1.5079986776038226
dancing	0	0.0	1	0.40780873628091463
jetliner	1	1.0939414460164425	0	0.0
blond	0	-0.0	5	2.039043681404573
kneel	0	0.0	2	0.8156174725618293
movement	0	0.0	2	0.8156174725618293
dull	0	0.0	1	0.40780873628091463
toilet	7	4.493694255913697	4	-2.415168701590261
bounce	1	1.0939414460164425	0	0.0
pecan	0	0.0	1	0.40780873628091463
coal	0	0.0	1	0.40780873628091463
latter	0	0.0	1	0.40780873628091463
hexagon	0	0.0	1	0.40780873628091463
vase	11	12.033355906180867	0	-0.0
overhead	0	-0.0	3	1.223426208842744
littlest	0	0.0	1	0.40780873628091463
bikini	0	0.0	2	0.8156174725618293
snout	0	0.0	1	0.40780873628091463
leopard	0	0.0	1	0.40780873628091463
6th	0	0.0	1	0.40780873628091463
board	19	16.34620530186381	5	-5.804035908164655
beetle	3	3.2818243380493275	0	-0.0
forward	0	-0.0	29	11.826453352146524
foam	0	0.0	1	0.40780873628091463
eyelid	0	0.0	1	0.40780873628091463
shop	1	1.0939414460164425	0	0.0
getting	1	0.4007942654564971	1	-0.28533844427903077
loafs	0	0.0	1	0.40780873628091463
marking	0	-0.0	3	1.223426208842744
how	0	0.0	1	0.40780873628091463
under	1	-2.6196306206878655	40	15.324644947621735
tin	0	0.0	1	0.40780873628091463
store	4	3.4831915788089347	1	-1.201629176153185
’s	0	0.0	1	0.40780873628091463
bent	0	-0.0	32	13.049879560989268
lip	0	-0.0	14	5.709322307932805
greyish	0	0.0	1	0.40780873628091463
float	3	0.7399307568877145	4	-0.6072282066180321
knuckle	0	-0.0	4	1.6312349451236585
above	1	-3.0957132960099827	65	25.51518216975815
sifter	0	0.0	1	0.40780873628091463
collared	0	0.0	1	0.40780873628091463
visible	0	-0.0	445	181.47488764500702
telephone	1	0.4007942654564971	1	-0.28533844427903077
hind	0	0.0	1	0.40780873628091463
bug	0	-0.0	3	1.223426208842744
net	0	0.0	2	0.8156174725618293
bunch	38	36.87244462187212	5	-8.719767334892738
hydrant	19	19.810314880948955	1	-2.587923537273076
pink	6	-7.448600818803573	56	17.137458350374416
drink	8	4.274605264648159	6	-2.6369347446377382
whale	0	0.0	1	0.40780873628091463
collar	0	-0.0	3	1.223426208842744
patio	4	4.37576578406577	0	-0.0
Murray	0	0.0	1	0.40780873628091463
flag	0	-0.0	7	2.8546611539664024
garden	1	1.0939414460164425	0	0.0
nuzzle	0	0.0	1	0.40780873628091463
way	0	-0.0	20	8.156174725618293
cream	3	-0.014012527955005183	6	0.014061769036494809
small	16	-13.488000528897743	95	23.95476552406671
highway	3	3.2818243380493275	0	-0.0
eye	0	-0.0	217	88.49449577295847
reporter	0	0.0	1	0.40780873628091463
cut	54	0.7571496794662167	105	-0.7491871570884445
crowded	6	6.563648676098655	0	-0.0
muscular	0	0.0	1	0.40780873628091463
mechanical	1	1.0939414460164425	0	0.0
in	990	364.80838746149556	1055	-268.02094203154104
effect	0	0.0	2	0.8156174725618293
sand	4	2.1373026323240794	3	-1.3184673723188691
anything	0	-0.0	3	1.223426208842744
feeder	2	2.187882892032885	0	-0.0
scared	0	0.0	1	0.40780873628091463
unfold	0	0.0	1	0.40780873628091463
tool	0	0.0	1	0.40780873628091463
both	0	-0.0	116	47.3058134085861
reach	1	-1.7392718980397728	16	5.554945831431695
stuff	1	-0.697818023211612	5	1.1274358974347987
tigthly	0	0.0	1	0.40780873628091463
turban	1	1.0939414460164425	0	0.0
member	0	0.0	1	0.40780873628091463
17	0	0.0	1	0.40780873628091463
miniature	2	2.187882892032885	0	-0.0
thumbnail	0	0.0	1	0.40780873628091463
reappear	0	0.0	1	0.40780873628091463
an	29	-8.727163105050337	88	10.821502204600137
scrunchie	0	0.0	1	0.40780873628091463
rotate	0	0.0	1	0.40780873628091463
%	0	-0.0	4	1.6312349451236585
mount	0	0.0	2	0.8156174725618293
country	0	0.0	1	0.40780873628091463
maybe	0	0.0	2	0.8156174725618293
7	0	-0.0	3	1.223426208842744
bottom	0	-0.0	213	86.86326082783482
the	233	-510.6217021807226	5993	2215.4130469251168
roman	0	0.0	1	0.40780873628091463
slide	0	0.0	2	0.8156174725618293
Women	0	0.0	1	0.40780873628091463
seem	0	-0.0	8	3.262469890247317
racket	2	0.8015885309129942	2	-0.5706768885580615
body	17	-11.008455203322326	80	17.20995139611304
app	0	0.0	2	0.8156174725618293
raccoon	2	0.8015885309129942	2	-0.5706768885580615
trim	0	0.0	1	0.40780873628091463
shadowy	0	0.0	1	0.40780873628091463
living	12	13.12729735219731	0	-0.0
banner	0	-0.0	3	1.223426208842744
gingham	0	0.0	1	0.40780873628091463
Thumb	0	0.0	2	0.8156174725618293
backboard	0	0.0	1	0.40780873628091463
stage	23	24.18178212674588	1	-2.7702450940670307
Man	0	-0.0	5	2.039043681404573
peace	0	0.0	1	0.40780873628091463
sort	1	-0.851968703038871	6	1.5219483387219341
product	0	0.0	2	0.8156174725618293
case	0	-0.0	6	2.446852417685488
altar	1	0.4007942654564971	1	-0.28533844427903077
candle	1	-0.2923529151034483	3	0.36037999148739885
lot	20	3.95706842919612	29	-3.384756223453893
hight	0	0.0	1	0.40780873628091463
hamster	0	0.0	1	0.40780873628091463
docked	0	0.0	1	0.40780873628091463
hardware	0	0.0	1	0.40780873628091463
roughly	0	-0.0	12	4.893704835370976
own	0	-0.0	4	1.6312349451236585
bedroom	5	5.4697072300822125	0	-0.0
pavement	0	0.0	1	0.40780873628091463
legboard	1	1.0939414460164425	0	0.0
statue	8	7.8092672828804695	1	-1.7894158410553054
custard	0	0.0	1	0.40780873628091463
s	0	0.0	2	0.8156174725618293
saxophonist	0	0.0	1	0.40780873628091463
completely	0	-0.0	66	26.915376594540366
bed	44	40.78304389954418	8	-11.71194752496541
pop	0	0.0	1	0.40780873628091463
KIDS	1	1.0939414460164425	0	0.0
frosty	0	0.0	1	0.40780873628091463
Surfer	0	0.0	1	0.40780873628091463
utensil	2	-0.5847058302068966	6	0.7207599829747977
whitish	0	0.0	1	0.40780873628091463
press	0	-0.0	5	2.039043681404573
spoon	3	-6.036416654119245	64	23.16794881597582
licence	0	0.0	2	0.8156174725618293
treat	4	4.37576578406577	0	-0.0
45	0	-0.0	3	1.223426208842744
monster	0	0.0	1	0.40780873628091463
batter	2	-1.395636046423224	10	2.254871794869615
braid	0	0.0	1	0.40780873628091463
metal	19	7.12155680201151	20	-5.200412725894843
pillow	0	0.0	1	0.40780873628091463
trench	1	1.0939414460164425	0	0.0
dip	0	0.0	2	0.8156174725618293
uniformed	0	0.0	1	0.40780873628091463
boundary	0	0.0	1	0.40780873628091463
lone	0	0.0	1	0.40780873628091463
four	0	-0.0	24	9.787409670741951
letter	0	-0.0	27	11.010835879584695
pumpkin	0	0.0	2	0.8156174725618293
meter	2	1.3769526758165576	1	-0.6908035523871945
empty	0	-0.0	10	4.078087362809146
camera	24	-18.822012695614077	133	32.174303867529964
tilt	0	-0.0	13	5.30151357165189
pony	6	6.563648676098655	0	-0.0
rib	0	0.0	2	0.8156174725618293
ray	0	0.0	1	0.40780873628091463
nut	0	0.0	1	0.40780873628091463
blade	0	0.0	2	0.8156174725618293
eare	0	0.0	1	0.40780873628091463
child	56	41.991335919935906	23	-19.001332705910038
jerk	0	0.0	1	0.40780873628091463
traffic	9	6.535949993020136	4	-3.0833850402429235
microphone	24	18.611705157549792	9	-8.023268230644106
object	4	-8.578948024591746	98	36.04473336338711
flight	2	2.187882892032885	0	-0.0
chili	0	0.0	1	0.40780873628091463
handmade	0	0.0	1	0.40780873628091463
diver	0	0.0	1	0.40780873628091463
lose	0	0.0	1	0.40780873628091463
officer	3	1.2023827963694913	3	-0.8560153328370923
kick	1	-0.004670842651666618	2	0.004687256345501822
birthday	11	12.033355906180867	0	-0.0
logo	0	-0.0	12	4.893704835370976
try	1	-0.851968703038871	6	1.5219483387219341
pencil	0	0.0	2	0.8156174725618293
Silva	0	0.0	1	0.40780873628091463
fully	0	-0.0	73	29.770037748506766
alongside	0	-0.0	3	1.223426208842744
75	0	0.0	1	0.40780873628091463
hubcap	0	0.0	1	0.40780873628091463
bald	0	-0.0	3	1.223426208842744
tong	0	-0.0	6	2.446852417685488
horn	0	0.0	1	0.40780873628091463
even	0	-0.0	6	2.446852417685488
grater	0	-0.0	3	1.223426208842744
branch	8	0.658724274703701	14	-0.6184694244699962
10	0	-0.0	4	1.6312349451236585
speak	0	0.0	1	0.40780873628091463
perfectly	0	-0.0	4	1.6312349451236585
upward	0	-0.0	6	2.446852417685488
the.paddle	0	0.0	1	0.40780873628091463
nest	0	0.0	1	0.40780873628091463
outsfit	0	0.0	1	0.40780873628091463
trash	2	1.3769526758165576	1	-0.6908035523871945
haired	0	0.0	2	0.8156174725618293
water	65	40.555958090095885	39	-22.347800152501616
information	1	0.4007942654564971	1	-0.28533844427903077
bass	0	0.0	1	0.40780873628091463
hurdle	0	0.0	1	0.40780873628091463
potted	1	1.0939414460164425	0	0.0
drop	0	0.0	2	0.8156174725618293
bunche	0	0.0	1	0.40780873628091463
restaurant	4	4.37576578406577	0	-0.0
drill	0	0.0	1	0.40780873628091463
Kitchen	1	1.0939414460164425	0	0.0
camper	0	0.0	2	0.8156174725618293
spine	0	0.0	1	0.40780873628091463
obvious	0	0.0	1	0.40780873628091463
armrest	0	0.0	1	0.40780873628091463
truck	11	-1.6032438500272974	27	1.7836049490891686
frog	0	-0.0	5	2.039043681404573
music	1	1.0939414460164425	0	0.0
sculpture	0	0.0	1	0.40780873628091463
porch	1	1.0939414460164425	0	0.0
overall	0	0.0	2	0.8156174725618293
rest	0	-0.0	21	8.563983461899207
grease	0	0.0	1	0.40780873628091463
ice	6	4.837556241387965	2	-1.9569712496779523
feather	1	-0.004670842651666618	2	0.004687256345501822
40	0	0.0	2	0.8156174725618293
maid	0	0.0	1	0.40780873628091463
hospital	3	3.2818243380493275	0	-0.0
batman	0	0.0	1	0.40780873628091463
cooked	0	0.0	1	0.40780873628091463
finger	3	-9.017829889743822	178	69.61495544467674
comic_strip	0	0.0	1	0.40780873628091463
lens	2	1.3769526758165576	1	-0.6908035523871945
1/4	0	-0.0	5	2.039043681404573
rugby	4	4.37576578406577	0	-0.0
midway	0	0.0	1	0.40780873628091463
mirror	16	13.932766315235739	4	-4.80651670461274
orient	0	-0.0	5	2.039043681404573
or	0	-0.0	38	15.496731978674756
hump	0	0.0	1	0.40780873628091463
unicorn	0	0.0	2	0.8156174725618293
drawing	1	0.4007942654564971	1	-0.28533844427903077
booth	0	0.0	1	0.40780873628091463
gear	0	0.0	1	0.40780873628091463
break	0	0.0	1	0.40780873628091463
stair	3	0.33933657901414627	5	-0.31097446482410973
door	7	-1.2531696085751154	18	1.4274840475598225
airplane	2	1.3769526758165576	1	-0.6908035523871945
roll	0	-0.0	5	2.039043681404573
expose	0	-0.0	7	2.8546611539664024
remove	0	-0.0	5	2.039043681404573
dessert	0	0.0	1	0.40780873628091463
stairway	1	1.0939414460164425	0	0.0
they	4	-5.884031645780375	48	15.732769373154156
clench	0	0.0	2	0.8156174725618293
Bill	0	0.0	1	0.40780873628091463
wood	3	-1.3395107847921217	11	1.833113474104291
letterman	0	0.0	1	0.40780873628091463
eyebrow	0	-0.0	6	2.446852417685488
fire	22	17.989137526542248	7	-7.0950386125517255
near	5	-4.800911438395525	34	9.200658902092616
hotdog	1	1.0939414460164425	0	0.0
jersey	2	-1.9710001913267874	14	3.8398828111894865
river	9	8.039436754988627	2	-2.5938787119150213
military	2	2.187882892032885	0	-0.0
lightly	0	0.0	1	0.40780873628091463
overly	0	0.0	1	0.40780873628091463
bleacher	0	0.0	1	0.40780873628091463
arrow	0	-0.0	4	1.6312349451236585
soap	0	0.0	1	0.40780873628091463
collage	1	-0.004670842651666618	2	0.004687256345501822
blender	4	3.4831915788089347	1	-1.201629176153185
camel	0	-0.0	4	1.6312349451236585
pretty	0	-0.0	19	7.748365989337378
museum	1	1.0939414460164425	0	0.0
bowling	0	0.0	1	0.40780873628091463
church	4	3.4831915788089347	1	-1.201629176153185
neither	0	-0.0	5	2.039043681404573
carve	0	0.0	1	0.40780873628091463
serious	0	0.0	1	0.40780873628091463
surf	0	0.0	1	0.40780873628091463
1/3	0	0.0	2	0.8156174725618293
stem	0	0.0	2	0.8156174725618293
torch	0	0.0	2	0.8156174725618293
pet	3	1.749347466751356	2	-1.0169639911864792
Frisbee	15	16.409121690246636	0	-0.0
guy	0	-0.0	32	13.049879560989268
over	7	-9.307173801766853	72	22.681944203756288
plaid	0	-0.0	7	2.8546611539664024
of	1922	776.3359629882962	1910	-550.9870241790986
source	1	1.0939414460164425	0	0.0
cleaning	0	0.0	1	0.40780873628091463
pit	0	0.0	1	0.40780873628091463
crossing	0	0.0	1	0.40780873628091463
Coke	1	1.0939414460164425	0	0.0
teh	0	0.0	2	0.8156174725618293
good	0	-0.0	5	2.039043681404573
pocket	0	0.0	1	0.40780873628091463
harness	0	0.0	1	0.40780873628091463
anymore	0	-0.0	3	1.223426208842744
another	4	-4.413132525279103	32	9.280822419984986
cue	0	0.0	1	0.40780873628091463
Bush	0	0.0	1	0.40780873628091463
last	0	-0.0	6	2.446852417685488
pole	4	-2.791272092846448	20	4.509743589739195
130	0	0.0	1	0.40780873628091463
frisbee	25	27.348536150411064	0	-0.0
go	0	-0.0	34	13.865497033551097
splay	0	0.0	1	0.40780873628091463
cake	56	44.15934860205462	20	-18.54384660902852
against	0	-0.0	15	6.1171310442137194
slam	0	0.0	1	0.40780873628091463
h	0	0.0	1	0.40780873628091463
holder	1	1.0939414460164425	0	0.0
build	0	0.0	1	0.40780873628091463
array	0	0.0	1	0.40780873628091463
stovetop	1	0.4007942654564971	1	-0.28533844427903077
passenger	0	0.0	1	0.40780873628091463
costum	0	0.0	1	0.40780873628091463
donut	1	1.0939414460164425	0	0.0
creature	1	0.4007942654564971	1	-0.28533844427903077
butts	0	0.0	1	0.40780873628091463
T	0	0.0	1	0.40780873628091463
Freddy	0	0.0	1	0.40780873628091463
bootle	0	0.0	1	0.40780873628091463
courtyard	1	1.0939414460164425	0	0.0
candy	7	7.6575901221150975	0	-0.0
view	31	12.9286983761766	30	-9.056032386907251
zag	0	0.0	1	0.40780873628091463
whose	0	0.0	2	0.8156174725618293
cement	0	0.0	2	0.8156174725618293
exhaust	0	0.0	1	0.40780873628091463
young	45	41.864041000558785	8	-11.864333084730973
foot	5	-7.653635730733592	64	21.285460162772893
sleep	1	0.4007942654564971	1	-0.28533844427903077
strong	0	0.0	1	0.40780873628091463
able	0	0.0	2	0.8156174725618293
plant	5	-1.7057153963644023	16	2.1740003327563784
underwear	0	0.0	1	0.40780873628091463
lick	0	0.0	2	0.8156174725618293
cook	31	31.974053760088353	2	-4.7911032892512395
disperse	0	0.0	1	0.40780873628091463
pavilion	0	0.0	1	0.40780873628091463
look	11	-23.80570601205543	275	101.36170636009933
hold	345	257.067563882661	144	-117.32262532098594
already	0	0.0	1	0.40780873628091463
moustache	0	0.0	1	0.40780873628091463
two	56	-16.869544301158868	170	20.922269590011382
poster	1	-0.5154964664176571	4	0.7386607398668232
flowery	0	0.0	1	0.40780873628091463
beer	5	2.0039713272824766	5	-1.4266922213951627
content	0	0.0	1	0.40780873628091463
petale	0	0.0	1	0.40780873628091463
inner	0	0.0	1	0.40780873628091463
midpoint	0	0.0	1	0.40780873628091463
toss	0	-0.0	3	1.223426208842744
stoneware	0	0.0	1	0.40780873628091463
fur	0	-0.0	3	1.223426208842744
doll	8	6.966383157617869	2	-2.40325835230637
tight	0	-0.0	3	1.223426208842744
parrot	0	0.0	2	0.8156174725618293
milk	4	3.4831915788089347	1	-1.201629176153185
thing	0	-0.0	12	4.893704835370976
prepare	8	7.8092672828804695	1	-1.7894158410553054
column	0	-0.0	8	3.262469890247317
lighting	0	-0.0	3	1.223426208842744
title	0	-0.0	3	1.223426208842744
due	0	-0.0	4	1.6312349451236585
emerge	0	0.0	1	0.40780873628091463
guess	0	0.0	1	0.40780873628091463
vislble	0	0.0	1	0.40780873628091463
sausage	2	0.35530142828457656	3	-0.3090506624552276
high	0	-0.0	19	7.748365989337378
chip	1	0.4007942654564971	1	-0.28533844427903077
Lunch	0	0.0	1	0.40780873628091463
brownish	0	0.0	2	0.8156174725618293
cranky	0	0.0	1	0.40780873628091463
shade	0	-0.0	5	2.039043681404573
drizzle	0	0.0	1	0.40780873628091463
driveway	2	0.8015885309129942	2	-0.5706768885580615
degree	0	-0.0	16	6.524939780494634
total	0	-0.0	3	1.223426208842744
plainly	0	0.0	1	0.40780873628091463
knickknack	1	1.0939414460164425	0	0.0
bowl	105	54.26328382853458	82	-34.159611931372496
focus	0	-0.0	9	3.6702786265282317
only	0	-0.0	197	80.33832104734019
baseball	21	18.48771426008605	5	-6.204249446532337
clock	10	5.061547811143239	8	-3.2249718394833025
refrigerator	22	21.254377639144266	3	-5.137364399757532
skull	2	2.187882892032885	0	-0.0
food	145	141.65412320638674	18	-32.3202547193343
legible	0	0.0	1	0.40780873628091463
leave	1	-3.5600189041410806	104	41.41688566753537
Christmas	8	8.75153156813154	0	-0.0
piano	1	-0.2923529151034483	3	0.36037999148739885
gap	0	-0.0	15	6.1171310442137194
vertical	0	-0.0	5	2.039043681404573
hang	7	-0.3583360080059208	15	0.37224726037213607
idem	0	0.0	1	0.40780873628091463
camo	0	0.0	2	0.8156174725618293
whistle	0	0.0	1	0.40780873628091463
cemetery	1	1.0939414460164425	0	0.0
fatty	0	0.0	1	0.40780873628091463
motorize	1	1.0939414460164425	0	0.0
beng	0	0.0	1	0.40780873628091463
wardrobe	0	0.0	1	0.40780873628091463
least	0	-0.0	5	2.039043681404573
gown	3	2.4187781206939825	1	-0.9784856248389762
fade	0	-0.0	9	3.6702786265282317
paw	0	-0.0	5	2.039043681404573
conceal	0	0.0	1	0.40780873628091463
wiper	0	-0.0	3	1.223426208842744
companion	0	0.0	1	0.40780873628091463
horizon	0	0.0	1	0.40780873628091463
wispy	0	0.0	1	0.40780873628091463
lilypad	0	-0.0	3	1.223426208842744
grille	1	1.0939414460164425	0	0.0
television	26	26.51567032043072	2	-4.462497186668688
adult	0	-0.0	5	2.039043681404573
awkwardly	0	0.0	1	0.40780873628091463
while	7	-8.35978436667852	62	18.65187023718229
goose	0	0.0	1	0.40780873628091463
stride	0	0.0	1	0.40780873628091463
control	1	1.0939414460164425	0	0.0
pond	3	2.4187781206939825	1	-0.9784856248389762
suit	23	17.5650944603549	9	-7.746323302643331
fountain	5	2.5307739055716105	4	-1.6124859197416583
wall	30	9.622546733488822	35	-7.3930665243858495
sunglass	2	-1.8419231490516452	13	3.4412026043231254
non	0	0.0	2	0.8156174725618293
surfboard	14	11.796778248297503	4	-4.38507464198144
screw	0	0.0	1	0.40780873628091463
rust	0	0.0	1	0.40780873628091463
sharply	0	0.0	1	0.40780873628091463
vehicle	8	3.7226622927525455	7	-2.480319210361877
calf	0	0.0	1	0.40780873628091463
complete	0	-0.0	7	2.8546611539664024
elephant	7	1.8708401098238205	9	-1.5079986776038226
half	0	-0.0	68	27.730994067102195
outline	0	-0.0	6	2.446852417685488
girl	66	-13.279249199553949	175	15.364610924910505
blend	0	0.0	1	0.40780873628091463
lace	0	-0.0	3	1.223426208842744
raw	0	0.0	1	0.40780873628091463
wheelbarrow	3	3.2818243380493275	0	-0.0
single	0	-0.0	14	5.709322307932805
potholder	0	0.0	1	0.40780873628091463
swimsuit	0	0.0	2	0.8156174725618293
winter	0	0.0	1	0.40780873628091463
muddy	1	1.0939414460164425	0	0.0
new	0	0.0	1	0.40780873628091463
seagull	1	1.0939414460164425	0	0.0
impose	0	0.0	1	0.40780873628091463
surfer	0	-0.0	4	1.6312349451236585
bracelet	0	-0.0	5	2.039043681404573
bake	1	1.0939414460164425	0	0.0
protrude	0	0.0	1	0.40780873628091463
stain	0	0.0	1	0.40780873628091463
rifle	0	0.0	2	0.8156174725618293
FLASHES	0	0.0	1	0.40780873628091463
flap	0	-0.0	3	1.223426208842744
colorful	23	24.18178212674588	1	-2.7702450940670307
backside	0	0.0	1	0.40780873628091463
mini	0	0.0	1	0.40780873628091463
still	0	-0.0	105	42.819917309496034
jewelry	2	2.187882892032885	0	-0.0
ball	8	-7.233235649675535	51	13.366943180075621
sprout	0	0.0	2	0.8156174725618293
dust	0	0.0	2	0.8156174725618293
backward	0	0.0	1	0.40780873628091463
exit	0	0.0	2	0.8156174725618293
muffler	0	0.0	1	0.40780873628091463
peach	0	0.0	2	0.8156174725618293
brush	9	7.256334362081963	3	-2.9354568745169285
solid	0	0.0	1	0.40780873628091463
carrot	8	7.8092672828804695	1	-1.7894158410553054
laser	0	0.0	1	0.40780873628091463
sub	0	0.0	1	0.40780873628091463
twig	0	0.0	2	0.8156174725618293
bun	1	0.4007942654564971	1	-0.28533844427903077
unsliced	0	0.0	1	0.40780873628091463
possible	0	0.0	2	0.8156174725618293
furniture	2	1.3769526758165576	1	-0.6908035523871945
relatively	0	0.0	1	0.40780873628091463
bead	0	0.0	2	0.8156174725618293
cable	0	0.0	1	0.40780873628091463
keyboard	4	2.753905351633115	2	-1.381607104774389
ghost	0	-0.0	3	1.223426208842744
pinky	0	-0.0	10	4.078087362809146
cookie	4	2.1373026323240794	3	-1.3184673723188691
pinkish	0	0.0	2	0.8156174725618293
moth	0	0.0	2	0.8156174725618293
extremely	0	0.0	2	0.8156174725618293
shallow	0	0.0	2	0.8156174725618293
frig	0	0.0	1	0.40780873628091463
hairy	0	0.0	1	0.40780873628091463
window	7	-0.9674156469333255	17	1.0704602498161382
wheelchair	1	1.0939414460164425	0	0.0
provide	0	0.0	1	0.40780873628091463
similar	0	0.0	2	0.8156174725618293
pant	2	-1.5557214617702968	11	2.648301167795239
checkerboard	0	-0.0	3	1.223426208842744
faint	0	-0.0	6	2.446852417685488
robot	1	1.0939414460164425	0	0.0
mural	0	0.0	1	0.40780873628091463
space	0	-0.0	16	6.524939780494634
v.	0	0.0	1	0.40780873628091463
and	214	-145.46497523429804	1047	232.25874391230047
ahead	0	-0.0	11	4.485896099090061
canoer	0	0.0	1	0.40780873628091463
lime	0	0.0	1	0.40780873628091463
desk	9	7.256334362081963	3	-2.9354568745169285
rustic	0	0.0	2	0.8156174725618293
tuna	0	0.0	1	0.40780873628091463
heart	30	32.81824338049327	0	-0.0
driving	0	0.0	2	0.8156174725618293
bagel	0	-0.0	11	4.485896099090061
waist	0	-0.0	7	2.8546611539664024
bird	32	24.096475489467196	13	-10.840757148362293
speckle	0	0.0	1	0.40780873628091463
onion	6	2.926833854676758	5	-1.9032431204167821
fourth	0	0.0	1	0.40780873628091463
Origin	0	0.0	1	0.40780873628091463
include	0	-0.0	3	1.223426208842744
much	0	-0.0	9	3.6702786265282317
eagle	0	0.0	2	0.8156174725618293
trunk	1	-0.697818023211612	5	1.1274358974347987
motorcycle	18	11.1063127306704	11	-6.177510029979082
adjust	0	0.0	1	0.40780873628091463
Grey	0	0.0	1	0.40780873628091463
flower	19	7.615091043673445	19	-5.421430441301585
main	0	-0.0	3	1.223426208842744
target	0	0.0	2	0.8156174725618293
blink	0	0.0	1	0.40780873628091463
spout	0	0.0	1	0.40780873628091463
sky	2	-1.5557214617702968	11	2.648301167795239
tower	5	4.558099446112438	1	-1.3839507329471399
bloody	0	0.0	1	0.40780873628091463
season	0	0.0	1	0.40780873628091463
off	2	-6.613323148460749	161	63.66952697383723
say	2	1.3769526758165576	1	-0.6908035523871945
2/3rd	0	0.0	1	0.40780873628091463
macaroni	2	2.187882892032885	0	-0.0
Bryan	0	0.0	1	0.40780873628091463
slicer	0	0.0	2	0.8156174725618293
hit	0	-0.0	8	3.262469890247317
concrete	2	-0.3176430449578511	5	0.35668249829850396
evenly	0	-0.0	3	1.223426208842744
brim	0	-0.0	3	1.223426208842744
like	2	-4.249868757703517	48	17.61536360451163
past	0	-0.0	9	3.6702786265282317
Wii	2	2.187882892032885	0	-0.0
plan	0	0.0	1	0.40780873628091463
tiny	0	-0.0	34	13.865497033551097
performer	0	0.0	2	0.8156174725618293
bongo	0	0.0	1	0.40780873628091463
jacket	3	-2.6954661560212934	19	4.962899979691738
facing	0	-0.0	3	1.223426208842744
piñata	0	0.0	2	0.8156174725618293
besides	0	-0.0	3	1.223426208842744
darkest	0	0.0	1	0.40780873628091463
fing	0	0.0	1	0.40780873628091463
sweatshirt	0	0.0	2	0.8156174725618293
6	0	-0.0	5	2.039043681404573
display	6	5.638744597135101	1	-1.5381014127743988
suitcase	2	1.3769526758165576	1	-0.6908035523871945
five	0	-0.0	8	3.262469890247317
making	0	0.0	1	0.40780873628091463
third	0	-0.0	10	4.078087362809146
hut	0	0.0	1	0.40780873628091463
none	0	-0.0	12	4.893704835370976
eat	7	4.493694255913697	4	-2.415168701590261
..	1	-1.3909652037715574	11	3.5287709522041393
grazing	1	1.0939414460164425	0	0.0
woman	445	226.351378175302	354	-143.81437490846167
angle	0	-0.0	30	12.234262088427439
graze	1	0.4007942654564971	1	-0.28533844427903077
4th	0	0.0	1	0.40780873628091463
catch	4	3.4831915788089347	1	-1.201629176153185
marker	0	0.0	1	0.40780873628091463
pinch	0	0.0	2	0.8156174725618293
shading	0	-0.0	3	1.223426208842744
rip	0	0.0	1	0.40780873628091463
remainder	0	0.0	1	0.40780873628091463
goatee	0	0.0	1	0.40780873628091463
paint	0	-0.0	4	1.6312349451236585
riding	1	1.0939414460164425	0	0.0
skate	1	1.0939414460164425	0	0.0
aisle	0	-0.0	5	2.039043681404573
circular	0	-0.0	11	4.485896099090061
littl	0	0.0	1	0.40780873628091463
broom	2	1.3769526758165576	1	-0.6908035523871945
extinguisher	2	0.8015885309129942	2	-0.5706768885580615
chrome	0	0.0	1	0.40780873628091463
plain	0	0.0	1	0.40780873628091463
stir	0	0.0	2	0.8156174725618293
hover	0	-0.0	7	2.8546611539664024
ladder	1	1.0939414460164425	0	0.0
house	6	1.9245093466977643	7	-1.4786133048771575
cricket	0	0.0	2	0.8156174725618293
bar	0	-0.0	13	5.30151357165189
grill	8	2.2640898384009205	10	-1.7997792862120399
safety	0	0.0	1	0.40780873628091463
hanger	0	0.0	1	0.40780873628091463
microwave	1	-0.5154964664176571	4	0.7386607398668232
themed	2	2.187882892032885	0	-0.0
entire	0	-0.0	53	21.613863022888474
sleeve	0	-0.0	9	3.6702786265282317
tall	5	0.6921500049450291	8	-0.6215926360062838
mountain	3	1.749347466751356	2	-1.0169639911864792
image	25	-36.77519778612734	300	98.32980858221347
snowy	2	0.8015885309129942	2	-0.5706768885580615
castle	1	0.4007942654564971	1	-0.28533844427903077
toothbrush	8	6.966383157617869	2	-2.40325835230637
drummer	0	-0.0	4	1.6312349451236585
scape	0	0.0	1	0.40780873628091463
stool	0	0.0	1	0.40780873628091463
horizontal	0	-0.0	9	3.6702786265282317
partial	0	0.0	1	0.40780873628091463
jovel	0	0.0	1	0.40780873628091463
apple	10	4.52087559844049	9	-3.0546509899437506
burn	0	0.0	1	0.40780873628091463
pinata	0	0.0	1	0.40780873628091463
brown	14	-6.393183529526134	52	8.80868106746766
viewer	0	0.0	2	0.8156174725618293
atop	0	0.0	1	0.40780873628091463
pool	17	12.734716315320112	7	-5.770344615082021
area	17	8.941275942978532	13	-5.569710742956165
gold	0	-0.0	15	6.1171310442137194
notice	0	0.0	1	0.40780873628091463
crochet	1	1.0939414460164425	0	0.0
almost	0	-0.0	64	26.099759121978536
juice	1	1.0939414460164425	0	0.0
lighthouse	1	-0.5154964664176571	4	0.7386607398668232
boot	0	0.0	1	0.40780873628091463
granulate	1	1.0939414460164425	0	0.0
readable	0	-0.0	4	1.6312349451236585
kitchen	87	92.22347080764622	3	-8.980165936143724
wrapping	0	-0.0	4	1.6312349451236585
next	383	380.0290613266443	41	-79.06245874211614
Woman	0	0.0	2	0.8156174725618293
pathway	0	0.0	1	0.40780873628091463
pizza	7	4.493694255913697	4	-2.415168701590261
hoop	3	1.749347466751356	2	-1.0169639911864792
close	182	100.9999800416436	130	-60.79580013948791
headset	0	0.0	1	0.40780873628091463
fingernail	0	-0.0	10	4.078087362809146
dryer	4	4.37576578406577	0	-0.0
bean	0	-0.0	9	3.6702786265282317
len	0	0.0	1	0.40780873628091463
cupcake	2	0.8015885309129942	2	-0.5706768885580615
elbow	0	-0.0	18	7.340557253056463
bright	0	-0.0	22	8.971792198180122
oven	5	4.558099446112438	1	-1.3839507329471399
long	3	-3.819546504345526	29	8.971691240562205
vending	2	2.187882892032885	0	-0.0
knee	0	-0.0	14	5.709322307932805
stomach	0	-0.0	3	1.223426208842744
scream	0	0.0	1	0.40780873628091463
as	3	-6.036416654119245	64	23.16794881597582
liquid	0	-0.0	12	4.893704835370976
letterhead	0	0.0	1	0.40780873628091463
star	0	-0.0	8	3.262469890247317
fill	50	48.14565918050198	7	-11.825326677488261
more	0	-0.0	16	6.524939780494634
briefcase	0	0.0	2	0.8156174725618293
play	96	91.08090587250678	15	-23.905068958938116
waterfall	6	3.4986949335027013	4	-2.0339279823729655
distant	0	0.0	2	0.8156174725618293
daytime	0	0.0	1	0.40780873628091463
dock	1	1.0939414460164425	0	0.0
hairline	1	-0.2923529151034483	3	0.36037999148739885
army	1	0.4007942654564971	1	-0.28533844427903077
tube	2	2.187882892032885	0	-0.0
clothing	2	2.187882892032885	0	-0.0
insert	0	-0.0	3	1.223426208842744
surprised	0	-0.0	5	2.039043681404573
this	0	-0.0	23	9.379600934461036
3	0	-0.0	14	5.709322307932805
on	900	300.75712030359136	1024	-228.230235489571
headband	0	0.0	1	0.40780873628091463
Bread	0	0.0	1	0.40780873628091463
pot	20	10.686513161620397	15	-6.592336861594319
pew	0	0.0	1	0.40780873628091463
taillight	1	-0.2923529151034483	3	0.36037999148739885
drak	0	0.0	1	0.40780873628091463
fading	0	0.0	2	0.8156174725618293
mixer	5	4.558099446112438	1	-1.3839507329471399
dashbaord	0	0.0	1	0.40780873628091463
pattern	0	-0.0	4	1.6312349451236585
chef	2	0.8015885309129942	2	-0.5706768885580615
central	0	0.0	1	0.40780873628091463
towards	2	-4.805132230900075	64	24.130372967306357
card	0	-0.0	3	1.223426208842744
More	0	0.0	2	0.8156174725618293
head	36	-27.06786880134799	192	45.304028036017485
cigarette	0	0.0	1	0.40780873628091463
controller	16	17.50306313626308	0	-0.0
cape	0	0.0	1	0.40780873628091463
foil	1	-0.697818023211612	5	1.1274358974347987
posture	0	0.0	1	0.40780873628091463
pope	0	0.0	1	0.40780873628091463
4:20	0	0.0	1	0.40780873628091463
cupboard	16	17.50306313626308	0	-0.0
engine	0	0.0	1	0.40780873628091463
backpack	1	-1.3039538267819282	10	3.1249855647659075
diamond	1	-0.2923529151034483	3	0.36037999148739885
father	0	0.0	2	0.8156174725618293
steering	0	-0.0	5	2.039043681404573
flipped	0	0.0	1	0.40780873628091463
orange	4	-5.029735244588139	38	11.693560553509428
without	0	-0.0	5	2.039043681404573
present	1	-1.9971010073418736	21	7.587063133566444
duct	0	0.0	1	0.40780873628091463
jelly	0	0.0	1	0.40780873628091463
bench	44	44.30492303717978	4	-8.308391654028341
arm	5	-12.012830577250192	160	60.32593241826561
rower	0	0.0	2	0.8156174725618293
tie	28	25.19399208411361	6	-7.96075391464316
most	0	-0.0	57	23.245097968012132
though	0	-0.0	8	3.262469890247317
horrse	0	0.0	1	0.40780873628091463
handheld	1	1.0939414460164425	0	0.0
glare	0	-0.0	3	1.223426208842744
outward	0	0.0	2	0.8156174725618293
bouquet	5	4.558099446112438	1	-1.3839507329471399
very	2	-6.525534761346298	154	60.81542104253067
curb	1	-0.004670842651666618	2	0.004687256345501822
chair	52	35.8007695712305	26	-17.960892362067103
trombonist	0	0.0	1	0.40780873628091463
mixed	0	0.0	2	0.8156174725618293
symmetrically	0	0.0	1	0.40780873628091463
Y	0	0.0	1	0.40780873628091463
first	0	-0.0	42	17.127966923798414
hose	1	-0.004670842651666618	2	0.004687256345501822
stopper	0	0.0	1	0.40780873628091463
teal	0	0.0	2	0.8156174725618293
keep	0	0.0	1	0.40780873628091463
band	1	-0.004670842651666618	2	0.004687256345501822
ski	4	0.710602856569146	6	-0.6181013249104659
bag	27	16.97161130083466	16	-9.292842514765852
tag	0	0.0	2	0.8156174725618293
ankle	0	0.0	1	0.40780873628091463
locomotive	0	0.0	1	0.40780873628091463
cannon	0	-0.0	3	1.223426208842744
shadow	0	-0.0	19	7.748365989337378
"	8	-2.3388233208275864	24	2.883039931899191
powder	0	-0.0	6	2.446852417685488
crab	0	-0.0	12	4.893704835370976
deeply	0	0.0	1	0.40780873628091463
sport	1	0.4007942654564971	1	-0.28533844427903077
topping	0	0.0	2	0.8156174725618293
thumb	0	-0.0	75	30.5856552210686
bullet	0	0.0	2	0.8156174725618293
boil	0	0.0	1	0.40780873628091463
carpet	0	0.0	1	0.40780873628091463
front	325	216.17717309326454	174	-112.3591184845569
land	0	0.0	1	0.40780873628091463
'	0	0.0	2	0.8156174725618293
residential	2	2.187882892032885	0	-0.0
room	123	121.29581969397034	14	-26.22360803904731
process	0	-0.0	8	3.262469890247317
spot	0	-0.0	7	2.8546611539664024
swimming	7	5.898389124148752	2	-2.19253732099072
pipe	1	-0.2923529151034483	3	0.36037999148739885
minecart	0	0.0	1	0.40780873628091463
egg	5	-0.3460468189461974	11	0.3642681552345408
because	0	-0.0	4	1.6312349451236585
exclamation	0	0.0	1	0.40780873628091463
gray	0	-0.0	10	4.078087362809146
overhang	0	0.0	1	0.40780873628091463
binocular	3	3.2818243380493275	0	-0.0
shoulder	0	-0.0	38	15.496731978674756
map	0	0.0	1	0.40780873628091463
bookbag	0	0.0	1	0.40780873628091463
sideburn	0	0.0	1	0.40780873628091463
vest	0	0.0	1	0.40780873628091463
piece	59	39.62848395592188	31	-20.398425616490357
wine	8	8.75153156813154	0	-0.0
ban	0	0.0	1	0.40780873628091463
barbecue	0	0.0	1	0.40780873628091463
dish	0	-0.0	13	5.30151357165189
picker	0	0.0	1	0.40780873628091463
pick	0	-0.0	6	2.446852417685488
scoop	0	-0.0	4	1.6312349451236585
succulent	0	0.0	2	0.8156174725618293
rusty	0	0.0	1	0.40780873628091463
pair	34	31.66836556163475	6	-8.9358674916298
profile	0	-0.0	9	3.6702786265282317
stylus	1	1.0939414460164425	0	0.0
apply	0	0.0	1	0.40780873628091463
sceen	0	0.0	1	0.40780873628091463
lush	1	1.0939414460164425	0	0.0
cat	10	5.061547811143239	8	-3.2249718394833025
brightly	0	0.0	2	0.8156174725618293
baggage	1	1.0939414460164425	0	0.0
chart	0	0.0	1	0.40780873628091463
also	0	-0.0	17	6.932748516775549
figure	0	-0.0	6	2.446852417685488
bear	18	18.717736045431018	1	-2.5366302428855256
SpongeBob	0	0.0	1	0.40780873628091463
u	0	0.0	2	0.8156174725618293
grow	1	1.0939414460164425	0	0.0
suck	1	1.0939414460164425	0	0.0
six	0	-0.0	5	2.039043681404573
blurry	21	-14.820187257093249	106	24.06843885704547
partner	0	0.0	2	0.8156174725618293
their	27	-9.589153041246897	88	12.338781170836754
number	2	-1.8419231490516452	13	3.4412026043231254
locate	0	-0.0	3	1.223426208842744
rolls	0	0.0	1	0.40780873628091463
shot	0	-0.0	46	18.759201868922073
sitting	1	0.4007942654564971	1	-0.28533844427903077
)	0	-0.0	6	2.446852417685488
spray	0	0.0	1	0.40780873628091463
centrally	0	0.0	1	0.40780873628091463
luggage	5	5.4697072300822125	0	-0.0
marbled	0	0.0	1	0.40780873628091463
medium	0	0.0	2	0.8156174725618293
wear	32	13.32936391758841	31	-9.341502354389677
dumpster	0	0.0	1	0.40780873628091463
popcorn	0	0.0	1	0.40780873628091463
majority	0	0.0	2	0.8156174725618293
warehouse	0	0.0	1	0.40780873628091463
apart	0	-0.0	7	2.8546611539664024
fan	1	1.0939414460164425	0	0.0
o	0	-0.0	9	3.6702786265282317
bat	23	19.829216135059703	6	-7.006365746865033
sticker	1	-0.004670842651666618	2	0.004687256345501822
rainbow	1	1.0939414460164425	0	0.0
plane	4	2.1373026323240794	3	-1.3184673723188691
arch	0	0.0	1	0.40780873628091463
streche	0	0.0	1	0.40780873628091463
fuel	1	1.0939414460164425	0	0.0
stoplights	0	0.0	1	0.40780873628091463
bandanna	1	1.0939414460164425	0	0.0
pitcher	0	-0.0	4	1.6312349451236585
duck	5	-0.02335421325834197	10	0.023436281727509112
blindfold	0	0.0	2	0.8156174725618293
other	148	84.31453468390978	102	-49.84529556630028
sun	1	-0.9855000956633937	7	1.9199414055947432
large	29	5.758164569886473	42	-4.922463944035417
ponytail	7	5.160865514543977	3	-2.388492204135064
99	0	0.0	1	0.40780873628091463
vend	1	1.0939414460164425	0	0.0
something	1	-2.164155092005039	25	9.214700578190849
leftward	0	0.0	2	0.8156174725618293
tab	0	0.0	1	0.40780873628091463
right	0	-0.0	722	294.4379075948191
school	1	1.0939414460164425	0	0.0
low	0	-0.0	55	22.429480495450306
De	0	0.0	1	0.40780873628091463
fling	0	0.0	1	0.40780873628091463
big	2	-1.9710001913267874	14	3.8398828111894865
buoy	0	0.0	1	0.40780873628091463
sweater	0	-0.0	4	1.6312349451236585
cleat	0	0.0	1	0.40780873628091463
type	3	0.7399307568877145	4	-0.6072282066180321
bronze	0	0.0	1	0.40780873628091463
fossil	0	0.0	1	0.40780873628091463
swan	4	2.1373026323240794	3	-1.3184673723188691
lane	0	-0.0	4	1.6312349451236585
steaming	0	0.0	1	0.40780873628091463
savannah	0	0.0	2	0.8156174725618293
bared	0	0.0	1	0.40780873628091463
notebook	1	0.4007942654564971	1	-0.28533844427903077
straw	2	0.8015885309129942	2	-0.5706768885580615
traditional	0	0.0	1	0.40780873628091463
change	0	0.0	1	0.40780873628091463
biker	0	0.0	2	0.8156174725618293
pig	1	1.0939414460164425	0	0.0
singe	1	-0.004670842651666618	2	0.004687256345501822
crowd	33	30.587282924658076	6	-8.783960643724068
Applicator	0	0.0	1	0.40780873628091463
opening	0	-0.0	5	2.039043681404573
intensely	0	0.0	1	0.40780873628091463
strangely	0	0.0	1	0.40780873628091463
12:05	0	0.0	1	0.40780873628091463
bang	0	0.0	1	0.40780873628091463
youth	0	0.0	1	0.40780873628091463
frosting	0	0.0	1	0.40780873628091463
quadrant	0	0.0	1	0.40780873628091463
headphone	2	2.187882892032885	0	-0.0
position	0	-0.0	17	6.932748516775549
bunny	0	0.0	1	0.40780873628091463
mostly	0	-0.0	53	21.613863022888474
graphic	0	-0.0	4	1.6312349451236585
unfamiliar	0	0.0	1	0.40780873628091463
fist	0	-0.0	14	5.709322307932805
carriage	0	0.0	1	0.40780873628091463
glaci	0	0.0	1	0.40780873628091463
shit	0	0.0	1	0.40780873628091463
cord	0	0.0	1	0.40780873628091463
text	0	-0.0	101	41.188682364372376
one	0	-0.0	182	74.22119000312647
bridge	2	-0.3176430449578511	5	0.35668249829850396
napkin	1	-0.2923529151034483	3	0.36037999148739885
whistling	0	0.0	1	0.40780873628091463
rightmost	0	0.0	2	0.8156174725618293
beyond	0	0.0	1	0.40780873628091463
cave	0	0.0	1	0.40780873628091463
container	7	2.322609757786818	8	-1.7663993851316775
barn	3	2.4187781206939825	1	-0.9784856248389762
triangle	0	0.0	2	0.8156174725618293
headshot	0	0.0	1	0.40780873628091463
crack	0	-0.0	3	1.223426208842744
pointy	0	0.0	2	0.8156174725618293
floor	30	13.562626795321417	27	-9.163952969831252
rock	2	-0.8202719015196642	7	1.0954601560000565
skin	0	-0.0	4	1.6312349451236585
punch	0	-0.0	3	1.223426208842744
filling	0	0.0	1	0.40780873628091463
scatter	0	0.0	1	0.40780873628091463
clothe	4	3.4831915788089347	1	-1.201629176153185
nobody	0	0.0	1	0.40780873628091463
pan	22	2.3638220203188745	37	-2.175999414281536
hotel	1	1.0939414460164425	0	0.0
fender	0	0.0	1	0.40780873628091463
bus	19	15.570587405978953	6	-6.115845716155391
mouse	3	1.2023827963694913	3	-0.8560153328370923
detail	0	0.0	1	0.40780873628091463
topmost	0	0.0	1	0.40780873628091463
tattoo	0	-0.0	3	1.223426208842744
necklace	1	-0.9855000956633937	7	1.9199414055947432
people	279	255.84599586220406	54	-76.21288418530375
block	0	-0.0	75	30.5856552210686
sharp	1	0.4007942654564971	1	-0.28533844427903077
pineapple	0	0.0	1	0.40780873628091463
garage	3	1.749347466751356	2	-1.0169639911864792
olive	0	-0.0	4	1.6312349451236585
cane	1	1.0939414460164425	0	0.0
road	42	35.39033474489251	12	-13.15522392594432
bridal	0	0.0	1	0.40780873628091463
serve	2	0.35530142828457656	3	-0.3090506624552276
casing	0	0.0	1	0.40780873628091463
envelope	0	0.0	1	0.40780873628091463
sheep	13	6.250880650690435	11	-4.09584803395526
tint	0	-0.0	3	1.223426208842744
looking	0	-0.0	3	1.223426208842744
jug	1	1.0939414460164425	0	0.0
sliver	0	-0.0	9	3.6702786265282317
box	20	0.24272551329428182	39	-0.240515398311123
ti	0	0.0	1	0.40780873628091463
button	1	-0.851968703038871	6	1.5219483387219341
lamppost	0	0.0	1	0.40780873628091463
gondola	0	0.0	2	0.8156174725618293
scissor	32	34.02143319519007	1	-3.088698825185565
dot	0	-0.0	6	2.446852417685488
squat	0	-0.0	3	1.223426208842744
forground	0	0.0	1	0.40780873628091463
ver	0	0.0	1	0.40780873628091463
dance	0	-0.0	3	1.223426208842744
handle	3	-2.4095356166083164	17	4.1699267153133714
earbud	0	0.0	1	0.40780873628091463
offsscreen	0	0.0	1	0.40780873628091463
neck	0	-0.0	16	6.524939780494634
strap	0	0.0	2	0.8156174725618293
exterior	0	0.0	1	0.40780873628091463
meat	4	-2.443226584887931	18	3.7284847347377514
rim	1	-0.851968703038871	6	1.5219483387219341
plastic	11	6.616114570105145	7	-3.756570107919549
splash	0	-0.0	3	1.223426208842744
sink	3	0.33933657901414627	5	-0.31097446482410973
broken	1	1.0939414460164425	0	0.0
tomato	3	1.749347466751356	2	-1.0169639911864792
variety	3	2.4187781206939825	1	-0.9784856248389762
kayaker	0	0.0	1	0.40780873628091463
hand	130	-85.79086818797427	621	135.21291736561028
corkboard	0	0.0	1	0.40780873628091463
skeleton	1	1.0939414460164425	0	0.0
behidn	0	0.0	1	0.40780873628091463
whip	0	0.0	1	0.40780873628091463
ridge	0	0.0	2	0.8156174725618293
dude	0	0.0	1	0.40780873628091463
mule	0	0.0	2	0.8156174725618293
iris	0	0.0	1	0.40780873628091463
British	1	1.0939414460164425	0	0.0
pile	11	8.62165169483863	4	-3.6557884148056203
/	0	-0.0	16	6.524939780494634
rhino	2	2.187882892032885	0	-0.0
fingertip	0	-0.0	7	2.8546611539664024
slash	0	0.0	1	0.40780873628091463
underneath	0	0.0	2	0.8156174725618293
potato	0	0.0	2	0.8156174725618293
collection	3	3.2818243380493275	0	-0.0
phone	124	122.38419648157003	14	-26.32542666965443
mixture	0	0.0	1	0.40780873628091463
squint	0	-0.0	5	2.039043681404573
propeller	0	0.0	2	0.8156174725618293
knot	0	-0.0	3	1.223426208842744
bit	0	-0.0	61	24.87633291313579
costumed	0	0.0	1	0.40780873628091463
truckbed	0	0.0	2	0.8156174725618293
tree	31	16.707282722056714	23	-10.250665170146835
paved	0	0.0	1	0.40780873628091463
bolt	0	0.0	1	0.40780873628091463
jockey	0	0.0	2	0.8156174725618293
cock	0	0.0	1	0.40780873628091463
it	86	-37.24879033266957	310	50.519714976743856
pull	0	-0.0	12	4.893704835370976
all	0	-0.0	110	44.85896099090061
frown	0	0.0	1	0.40780873628091463
stove	20	17.415957894044638	5	-6.008145880765934
american	0	0.0	1	0.40780873628091463
sized	0	0.0	1	0.40780873628091463
strand	0	-0.0	4	1.6312349451236585
place	0	-0.0	17	6.932748516775549
get	1	-1.7392718980397728	16	5.554945831431695
bride	2	-3.1604144068201734	27	9.081443852066768
question	0	0.0	1	0.40780873628091463
highlighted	0	0.0	1	0.40780873628091463
group	236	246.46530315098823	12	-31.448560321152804
pointing	0	-0.0	4	1.6312349451236585
showing	0	-0.0	8	3.262469890247317
cinder	0	0.0	1	0.40780873628091463
nostril	0	0.0	2	0.8156174725618293
miss	0	0.0	1	0.40780873628091463
teddy	15	15.441043873183071	1	-2.364779985958867
street	67	64.84934858311212	9	-15.531300240022768
hallway	4	2.1373026323240794	3	-1.3184673723188691
strip	0	-0.0	7	2.8546611539664024
KITCHEN	1	1.0939414460164425	0	0.0
teacher	0	0.0	1	0.40780873628091463
numeral	0	0.0	1	0.40780873628091463
forefinger	0	-0.0	3	1.223426208842744
beaded	0	0.0	1	0.40780873628091463
suspender	0	0.0	1	0.40780873628091463
claw	0	-0.0	7	2.8546611539664024
talk	20	16.631543630979024	6	-6.351169995075075
boat	20	13.11373030170575	11	-6.9111151494644805
deer	1	-0.851968703038871	6	1.5219483387219341
eight	0	0.0	1	0.40780873628091463
give	0	-0.0	5	2.039043681404573
tile	3	0.7399307568877145	4	-0.6072282066180321
page	0	0.0	2	0.8156174725618293
hide	0	-0.0	14	5.709322307932805
straight	0	-0.0	68	27.730994067102195
somebody	0	0.0	1	0.40780873628091463
write	0	-0.0	4	1.6312349451236585
prop	1	1.0939414460164425	0	0.0
appear	0	-0.0	40	16.312349451236585
student	0	0.0	1	0.40780873628091463
poke	0	-0.0	3	1.223426208842744
baking	1	1.0939414460164425	0	0.0
runway	5	4.558099446112438	1	-1.3839507329471399
building	25	17.54748395601049	12	-8.618430318903712
placard	2	2.187882892032885	0	-0.0
blanket	9	8.039436754988627	2	-2.5938787119150213
banana	23	24.18178212674588	1	-2.7702450940670307
movie	3	2.4187781206939825	1	-0.9784856248389762
:	0	0.0	1	0.40780873628091463
sauce	2	-0.5847058302068966	6	0.7207599829747977
color	0	-0.0	11	4.485896099090061
neat	0	0.0	1	0.40780873628091463
shine	0	-0.0	8	3.262469890247317
curl	0	-0.0	7	2.8546611539664024
motor	4	4.37576578406577	0	-0.0
strapless	0	0.0	1	0.40780873628091463
playing	1	1.0939414460164425	0	0.0
cloth	0	0.0	1	0.40780873628091463
use	18	19.690946028295965	0	-0.0
stamp	0	0.0	1	0.40780873628091463
cattle	1	1.0939414460164425	0	0.0
various	6	6.563648676098655	0	-0.0
dingy	0	0.0	1	0.40780873628091463
pikachu	0	0.0	1	0.40780873628091463
staff	0	0.0	1	0.40780873628091463
hot	14	15.315180244230195	0	-0.0
shoot	1	-0.004670842651666618	2	0.004687256345501822
disability	0	0.0	1	0.40780873628091463
really	0	-0.0	14	5.709322307932805
giant	0	-0.0	3	1.223426208842744
practically	0	0.0	1	0.40780873628091463
rabbit	3	0.7399307568877145	4	-0.6072282066180321
merge	0	0.0	1	0.40780873628091463
volleyball	1	1.0939414460164425	0	0.0
tear	0	0.0	2	0.8156174725618293
clearly	0	-0.0	60	24.468524176854878
canoe	1	-0.004670842651666618	2	0.004687256345501822
shadowed	0	0.0	1	0.40780873628091463
racquet	4	4.37576578406577	0	-0.0
towel	0	-0.0	9	3.6702786265282317
measuring	0	0.0	1	0.40780873628091463
watch	2	-0.5847058302068966	6	0.7207599829747977
uncut	0	0.0	1	0.40780873628091463
bathe	0	0.0	1	0.40780873628091463
plank	0	0.0	2	0.8156174725618293
oblong	0	0.0	1	0.40780873628091463
transition	0	-0.0	6	2.446852417685488
reflection	0	-0.0	7	2.8546611539664024
see	0	-0.0	627	255.69607764813347
snow	7	3.8846146169862923	5	-2.3383000053649283
enter	0	0.0	2	0.8156174725618293
put	0	-0.0	14	5.709322307932805
flash	0	-0.0	3	1.223426208842744
teeth	0	0.0	1	0.40780873628091463
lunch	0	0.0	1	0.40780873628091463
inflated	0	0.0	1	0.40780873628091463
sudden	0	0.0	1	0.40780873628091463
fin	0	-0.0	6	2.446852417685488
address	0	0.0	1	0.40780873628091463
isnjust	0	0.0	1	0.40780873628091463
shrimp	1	-0.2923529151034483	3	0.36037999148739885
that	98	24.028318271012022	131	-19.743788673455164
coaster	0	0.0	1	0.40780873628091463
red	24	-25.802694104473957	186	53.279305545456666
hook	0	0.0	1	0.40780873628091463
panel	0	-0.0	4	1.6312349451236585
super	0	0.0	2	0.8156174725618293
loaf	7	6.722870373743438	1	-1.6716328053989216
goldish	0	0.0	1	0.40780873628091463
who	4	-5.123857234228915	39	12.096640401962995
lock	0	0.0	1	0.40780873628091463
about	0	-0.0	56	22.83728923173122
separate	0	-0.0	7	2.8546611539664024
devil	0	0.0	1	0.40780873628091463
will	0	0.0	1	0.40780873628091463
clip	0	0.0	1	0.40780873628091463
zebra	1	0.4007942654564971	1	-0.28533844427903077
spider	0	0.0	1	0.40780873628091463
icon	0	-0.0	9	3.6702786265282317
fence	37	30.8453588668527	11	-11.72046702011466
exactly	0	0.0	2	0.8156174725618293
furth	0	-0.0	4	1.6312349451236585
then	0	0.0	1	0.40780873628091463
ping	2	1.3769526758165576	1	-0.6908035523871945
wrong	0	-0.0	3	1.223426208842744
tablet	0	0.0	1	0.40780873628091463
cry	0	0.0	1	0.40780873628091463
support	0	0.0	2	0.8156174725618293
cop	1	0.4007942654564971	1	-0.28533844427903077
podium	1	1.0939414460164425	0	0.0
rooster	0	0.0	1	0.40780873628091463
ceramic	0	0.0	2	0.8156174725618293
patch	0	-0.0	3	1.223426208842744
foliage	0	0.0	1	0.40780873628091463
itself	0	0.0	1	0.40780873628091463
pen	2	-0.5847058302068966	6	0.7207599829747977
narrow	0	0.0	2	0.8156174725618293
glance	0	-0.0	3	1.223426208842744
email	0	0.0	1	0.40780873628091463
rod	0	-0.0	3	1.223426208842744
cooking	3	3.2818243380493275	0	-0.0
superimpose	0	-0.0	3	1.223426208842744
writing	0	-0.0	14	5.709322307932805
bowel	0	0.0	1	0.40780873628091463
helicopter	3	1.2023827963694913	3	-0.8560153328370923
forehead	0	-0.0	8	3.262469890247317
lean	0	-0.0	9	3.6702786265282317
animal	13	0.979834245284307	23	-0.9249676836590286
badge	0	0.0	1	0.40780873628091463
divider	0	0.0	1	0.40780873628091463
yellowish	0	-0.0	3	1.223426208842744
tuxedo	1	1.0939414460164425	0	0.0
guitar	9	5.248042400254068	6	-3.050891973559448
real	0	0.0	2	0.8156174725618293
sweet	0	0.0	1	0.40780873628091463
have	7	-21.06917302112141	417	163.1143466875145
cloudy	1	-0.004670842651666618	2	0.004687256345501822
tennis	18	17.794456746455115	2	-3.7895527134262608
laugh	0	0.0	2	0.8156174725618293
nearly	0	-0.0	10	4.078087362809146
motion	0	0.0	1	0.40780873628091463
powdered	1	1.0939414460164425	0	0.0
palm	0	-0.0	12	4.893704835370976
police	3	1.749347466751356	2	-1.0169639911864792
airport	1	1.0939414460164425	0	0.0
halfway	0	-0.0	7	2.8546611539664024
pom	0	0.0	2	0.8156174725618293
bulk	0	0.0	1	0.40780873628091463
wave	6	1.479861513775429	8	-1.2144564132360642
purse	4	0.3293621373518505	7	-0.3092347122349981
actually	0	-0.0	3	1.223426208842744
reflect	0	-0.0	4	1.6312349451236585
closed	0	-0.0	29	11.826453352146524
point	0	-0.0	67	27.323185330821282
sprinkle	0	0.0	1	0.40780873628091463
cartoon	4	-1.1694116604137932	12	1.4415199659495954
Lego	3	2.4187781206939825	1	-0.9784856248389762
upon	0	0.0	1	0.40780873628091463
footbal	0	0.0	1	0.40780873628091463
himself	2	2.187882892032885	0	-0.0
class	0	0.0	1	0.40780873628091463
plate	104	70.27668046160811	54	-35.95332150981605
brick	2	-0.009341685303333236	4	0.009374512691003645
stalk	0	0.0	1	0.40780873628091463
background	2	-5.087289427419886	74	28.204396200707713
cabinetry	0	0.0	1	0.40780873628091463
lettuce	4	0.710602856569146	6	-0.6181013249104659
cap	0	-0.0	16	6.524939780494634
pale	0	0.0	1	0.40780873628091463
leaf	0	-0.0	8	3.262469890247317
flip	1	-0.004670842651666618	2	0.004687256345501822
visable	0	0.0	1	0.40780873628091463
someone	0	-0.0	3	1.223426208842744
mattress	0	0.0	1	0.40780873628091463
stack	2	-0.009341685303333236	4	0.009374512691003645
for	5	-4.400697900027835	31	8.00658707160848
approximately	0	0.0	1	0.40780873628091463
three	4	-6.714589104893356	60	20.596212908600613
stuffed	3	1.2023827963694913	3	-0.8560153328370923
weatherstrip	0	0.0	1	0.40780873628091463
blurring	0	0.0	2	0.8156174725618293
do	0	-0.0	9	3.6702786265282317
outstretched	0	-0.0	4	1.6312349451236585
dry	0	0.0	2	0.8156174725618293
hammock	1	1.0939414460164425	0	0.0
fireplace	1	1.0939414460164425	0	0.0
doorway	0	0.0	1	0.40780873628091463
mug	0	0.0	2	0.8156174725618293
battleship	0	0.0	1	0.40780873628091463
sad	0	0.0	2	0.8156174725618293
age	0	0.0	1	0.40780873628091463
skateboard	26	28.442477596427505	0	-0.0
middle	18	-13.846985769487635	98	23.440230336822086
symbol	0	0.0	1	0.40780873628091463
can	2	-8.929630513179001	517	208.8409751813264
racetrack	1	1.0939414460164425	0	0.0
field	61	62.85611045794114	4	-9.521136689979322
edamame	0	0.0	1	0.40780873628091463
frozen	0	0.0	1	0.40780873628091463
pour	5	-1.2052981035794907	14	1.433979214216265
torso	0	-0.0	4	1.6312349451236585
tee	0	0.0	1	0.40780873628091463
Swimmer	0	0.0	1	0.40780873628091463
seemingly	0	0.0	1	0.40780873628091463
a	5423	4462.082988244572	1689	-1739.3965916133898
stretching	0	0.0	1	0.40780873628091463
having	0	0.0	1	0.40780873628091463
conditioner	0	0.0	1	0.40780873628091463
coach	0	0.0	1	0.40780873628091463
overappe	0	0.0	1	0.40780873628091463
index	0	-0.0	16	6.524939780494634
uniform	1	-0.004670842651666618	2	0.004687256345501822
grain	0	0.0	1	0.40780873628091463
hedge	0	0.0	1	0.40780873628091463
purplish	0	0.0	1	0.40780873628091463
drag	0	0.0	2	0.8156174725618293
coffee	5	4.558099446112438	1	-1.3839507329471399
guiter	0	0.0	1	0.40780873628091463
glimpse	0	0.0	1	0.40780873628091463
belly	0	0.0	1	0.40780873628091463
pup	0	0.0	1	0.40780873628091463
railing	3	1.2023827963694913	3	-0.8560153328370923
park	55	54.47204218915822	6	-11.467833951986048
tv	5	3.1196890838535296	3	-1.7190615501924373
link	0	0.0	1	0.40780873628091463
piggy	1	1.0939414460164425	0	0.0
owl	3	-1.117186868330954	10	1.4544447181342512
yield	0	0.0	1	0.40780873628091463
topple	0	0.0	1	0.40780873628091463
swirled	0	0.0	1	0.40780873628091463
puppy	0	-0.0	4	1.6312349451236585
bathing	1	1.0939414460164425	0	0.0
obstruction	0	0.0	2	0.8156174725618293
sheet	3	1.749347466751356	2	-1.0169639911864792
track	1	0.4007942654564971	1	-0.28533844427903077
hammer	0	0.0	1	0.40780873628091463
Mouse	8	8.75153156813154	0	-0.0
obstruct	0	0.0	2	0.8156174725618293
yolk	0	0.0	1	0.40780873628091463
tuck	0	-0.0	4	1.6312349451236585
stretch	0	-0.0	7	2.8546611539664024
sculptural	0	0.0	1	0.40780873628091463
grit	0	0.0	2	0.8156174725618293
swim	9	5.248042400254068	6	-3.050891973559448
glow	0	-0.0	3	1.223426208842744
overlay	0	-0.0	22	8.971792198180122
hard	0	-0.0	4	1.6312349451236585
peanut	2	2.187882892032885	0	-0.0
goblet	0	0.0	1	0.40780873628091463
triangular	0	-0.0	3	1.223426208842744
form	0	0.0	2	0.8156174725618293
kid	11	3.0025698334127338	14	-2.4081366256083854
breadstick	0	0.0	1	0.40780873628091463
away	0	-0.0	32	13.049879560989268
blackness	0	0.0	1	0.40780873628091463
contact	0	-0.0	5	2.039043681404573
ballon	0	0.0	1	0.40780873628091463
flock	3	3.2818243380493275	0	-0.0
canal	1	1.0939414460164425	0	0.0
overlap	0	-0.0	8	3.262469890247317
rake	0	0.0	2	0.8156174725618293
cuff	0	0.0	1	0.40780873628091463
closeup	0	-0.0	4	1.6312349451236585
paddle	2	-0.3176430449578511	5	0.35668249829850396
poise	0	-0.0	3	1.223426208842744
thin	0	-0.0	3	1.223426208842744
push	0	0.0	2	0.8156174725618293
grayish	0	0.0	1	0.40780873628091463
feed	3	2.4187781206939825	1	-0.9784856248389762
line	1	-2.6437281722669255	41	15.732158572776076
replace	0	0.0	1	0.40780873628091463
market	1	1.0939414460164425	0	0.0
well	0	-0.0	13	5.30151357165189
grab	0	-0.0	3	1.223426208842744
lift	0	-0.0	15	6.1171310442137194
tightly	0	-0.0	3	1.223426208842744
costume	2	-0.3176430449578511	5	0.35668249829850396
dining	1	1.0939414460164425	0	0.0
unseen	0	0.0	2	0.8156174725618293
.	2299	579.6395293936255	3036	-473.4316812200737
individual	0	0.0	1	0.40780873628091463
clean	1	1.0939414460164425	0	0.0
glass	14	-3.322103930885895	39	3.942060285479137
bread	18	11.1063127306704	11	-6.177510029979082
painting	3	2.4187781206939825	1	-0.9784856248389762
kangaroo	0	0.0	2	0.8156174725618293
polish	0	0.0	1	0.40780873628091463
flat	0	-0.0	13	5.30151357165189
quite	0	-0.0	16	6.524939780494634
singer	0	-0.0	12	4.893704835370976
hole	0	-0.0	7	2.8546611539664024
ashe	0	0.0	2	0.8156174725618293
hip	0	-0.0	5	2.039043681404573
salmon	0	0.0	1	0.40780873628091463
cheese	1	-0.851968703038871	6	1.5219483387219341
end	0	-0.0	21	8.563983461899207
lit	0	0.0	1	0.40780873628091463
bumper	1	0.4007942654564971	1	-0.28533844427903077
Less	0	0.0	1	0.40780873628091463
fuzzy	0	0.0	2	0.8156174725618293
outside	5	2.0039713272824766	5	-1.4266922213951627
baby	26	13.049149940524533	21	-8.354144981820165
mp3	0	0.0	1	0.40780873628091463
helmet	6	1.9245093466977643	7	-1.4786133048771575
penguin	5	2.0039713272824766	5	-1.4266922213951627
trombone	0	0.0	1	0.40780873628091463
,	29	-52.42791122339698	499	175.3079556147594
perfect	0	0.0	1	0.40780873628091463
3/4	0	0.0	2	0.8156174725618293
horse	31	16.707282722056714	23	-10.250665170146835
headlight	0	-0.0	6	2.446852417685488
city	11	11.076230759294946	1	-2.0770979135070853
bridesmaid	0	-0.0	5	2.039043681404573
wrestle	0	0.0	1	0.40780873628091463
ornate	2	0.8015885309129942	2	-0.5706768885580615
o'clock	0	-0.0	3	1.223426208842744
entrance	0	0.0	1	0.40780873628091463
bath	0	0.0	1	0.40780873628091463
standing	5	4.558099446112438	1	-1.3839507329471399
upright	0	-0.0	7	2.8546611539664024
fall	1	-0.851968703038871	6	1.5219483387219341
face	10	-24.116159509699546	323	121.87389795597035
dark	3	-5.333214536602712	50	17.47699140784693
light	15	-10.959117690519049	78	18.089609445745435
circle	0	-0.0	22	8.971792198180122
whisk	0	0.0	1	0.40780873628091463
bathtub	1	1.0939414460164425	0	0.0
clap	0	-0.0	3	1.223426208842744
picnic	2	2.187882892032885	0	-0.0
out	3	-7.326525760635253	100	37.82499340393706
cardigan	0	0.0	1	0.40780873628091463
hanging	0	0.0	2	0.8156174725618293
heel	0	-0.0	5	2.039043681404573
bicycle	10	7.574692093952304	4	-3.3798169288578137
cellphone	0	0.0	1	0.40780873628091463
pothole	0	0.0	1	0.40780873628091463
8	0	0.0	1	0.40780873628091463
speaker	0	0.0	2	0.8156174725618293
mid	0	-0.0	5	2.039043681404573
stainless	1	-0.004670842651666618	2	0.004687256345501822
claim	1	1.0939414460164425	0	0.0
barrel	0	0.0	1	0.40780873628091463
icing	1	0.4007942654564971	1	-0.28533844427903077
label	1	-0.5154964664176571	4	0.7386607398668232
fold	0	-0.0	4	1.6312349451236585
would	0	0.0	2	0.8156174725618293
wheeled	1	1.0939414460164425	0	0.0
player	12	-1.6166876507983758	29	1.784442487329331
below	0	-0.0	30	12.234262088427439
take	7	-0.032695898561666326	14	0.032810794418512756
our	0	-0.0	8	3.262469890247317
to	413	94.92246100021086	567	-79.03102944892422
day	9	9.845473014147982	0	-0.0
shin	0	0.0	1	0.40780873628091463
gross	0	0.0	1	0.40780873628091463
approach	0	0.0	1	0.40780873628091463
dressing	2	0.8015885309129942	2	-0.5706768885580615
autumn	0	0.0	1	0.40780873628091463
fancy	1	1.0939414460164425	0	0.0
steel	1	-0.004670842651666618	2	0.004687256345501822
suspend	1	1.0939414460164425	0	0.0
chop	2	1.3769526758165576	1	-0.6908035523871945
minute	0	0.0	1	0.40780873628091463
align	0	-0.0	5	2.039043681404573
goggle	0	0.0	1	0.40780873628091463
extend	0	-0.0	17	6.932748516775549
pong	2	1.3769526758165576	1	-0.6908035523871945
forearm	0	-0.0	8	3.262469890247317
rear	0	0.0	2	0.8156174725618293
wing	0	-0.0	3	1.223426208842744
quarter	0	-0.0	8	3.262469890247317
upwards	0	-0.0	7	2.8546611539664024
barely	0	-0.0	77	31.401272693630425
lay	27	17.6069347309099	15	-9.327160213503642
drain	0	0.0	1	0.40780873628091463
no	0	-0.0	154	62.80254538726058
wrist	0	-0.0	10	4.078087362809146
balloon	5	-0.9349619972281165	13	1.0710223660017117
either	0	-0.0	7	2.8546611539664024
facet	0	0.0	1	0.40780873628091463
coat	1	-0.2923529151034483	3	0.36037999148739885
ad	0	0.0	1	0.40780873628091463
pie	0	-0.0	4	1.6312349451236585
witht	0	0.0	1	0.40780873628091463
cutout	0	0.0	1	0.40780873628091463
fly	13	9.287873716050001	6	-4.469224641944827
woven	0	0.0	1	0.40780873628091463
now	0	-0.0	8	3.262469890247317
further	0	0.0	2	0.8156174725618293
upside	0	-0.0	4	1.6312349451236585
with	487	90.73411347673076	720	-78.35995642069264
coin	1	-0.004670842651666618	2	0.004687256345501822
wrapper	0	0.0	2	0.8156174725618293
touchin	0	0.0	1	0.40780873628091463
shoe	11	1.3699497771117244	18	-1.244076044569102
grassy	34	35.25062309400086	2	-4.9651260432305016
cloud	0	-0.0	5	2.039043681404573
Chocolate	0	0.0	1	0.40780873628091463
gymnasium	0	0.0	1	0.40780873628091463
stone	1	-0.697818023211612	5	1.1274358974347987
smug	0	0.0	1	0.40780873628091463
furthest	0	-0.0	3	1.223426208842744
2	0	-0.0	11	4.485896099090061
nose	0	-0.0	60	24.468524176854878
else	0	-0.0	3	1.223426208842744
(	0	-0.0	6	2.446852417685488
cracker	0	0.0	1	0.40780873628091463
around	21	5.612520329471462	27	-4.523996032811468
Most	0	-0.0	16	6.524939780494634
surround	0	-0.0	4	1.6312349451236585
hoodie	0	-0.0	5	2.039043681404573
flyaway	0	0.0	1	0.40780873628091463
berry	1	1.0939414460164425	0	0.0
herself	1	1.0939414460164425	0	0.0
grip	0	-0.0	4	1.6312349451236585
stocking	0	-0.0	3	1.223426208842744
toy	41	34.326085565913786	12	-12.930918329798494
turntable	3	3.2818243380493275	0	-0.0
singing	0	0.0	1	0.40780873628091463
item	6	-4.017882877469496	29	6.372938638561308
along	0	0.0	1	0.40780873628091463
Castle	0	0.0	1	0.40780873628091463
edge	1	-3.6334463726958983	112	44.67901635273071
scene	4	0.710602856569146	6	-0.6181013249104659
rounded	0	0.0	1	0.40780873628091463
log	0	0.0	1	0.40780873628091463
's	26	-50.137304227979016	508	181.81032720879486
everyone	0	0.0	1	0.40780873628091463
inch	0	0.0	1	0.40780873628091463
flush	0	0.0	1	0.40780873628091463
seat	6	4.130858027449662	3	-2.072410657161589
angled	0	0.0	1	0.40780873628091463
office	1	1.0939414460164425	0	0.0
wagon	3	2.4187781206939825	1	-0.9784856248389762
greenbean	0	0.0	1	0.40780873628091463
monitor	3	0.33933657901414627	5	-0.31097446482410973
vegetable	16	11.69657523723319	7	-5.472427314150451
smirk	0	0.0	1	0.40780873628091463
strike	0	0.0	1	0.40780873628091463
spiky	0	0.0	1	0.40780873628091463
racer	0	0.0	1	0.40780873628091463
void	0	0.0	1	0.40780873628091463
mat	0	-0.0	5	2.039043681404573
11	0	-0.0	3	1.223426208842744
grey	1	-2.712721043753877	44	16.954778738869685
clear	0	-0.0	21	8.563983461899207
bacon	2	1.3769526758165576	1	-0.6908035523871945
flame	0	0.0	2	0.8156174725618293
fruit	9	6.535949993020136	4	-3.0833850402429235
kind	9	6.535949993020136	4	-3.0833850402429235
lawn	8	8.75153156813154	0	-0.0
dial	0	0.0	2	0.8156174725618293
blonde	0	-0.0	3	1.223426208842744
finish	0	0.0	2	0.8156174725618293
trumpet	0	0.0	1	0.40780873628091463
could	0	0.0	1	0.40780873628091463
partially	0	-0.0	21	8.563983461899207
tea	0	0.0	1	0.40780873628091463
public	2	2.187882892032885	0	-0.0
model	3	0.33933657901414627	5	-0.31097446482410973
ring	2	-2.5148676222940693	19	5.846780276754714
cab	0	0.0	1	0.40780873628091463
convex	0	0.0	1	0.40780873628091463
orca	0	-0.0	4	1.6312349451236585
if	0	-0.0	8	3.262469890247317
Mickey	8	8.75153156813154	0	-0.0
easily	0	-0.0	3	1.223426208842744
platform	0	-0.0	6	2.446852417685488
silver	3	-2.4095356166083164	17	4.1699267153133714
darkness	0	0.0	1	0.40780873628091463
dalmation	0	-0.0	3	1.223426208842744
espace	0	0.0	1	0.40780873628091463
team	0	-0.0	8	3.262469890247317
-	2	-3.418837869780184	31	10.703939758286987
soccer	4	4.37576578406577	0	-0.0
device	2	0.8015885309129942	2	-0.5706768885580615
football	9	8.897228373227557	1	-1.8947763567131322
bicep	0	0.0	1	0.40780873628091463
machine	9	8.039436754988627	2	-2.5938787119150213
rolling	0	0.0	1	0.40780873628091463
ribbon	0	-0.0	4	1.6312349451236585
sock	0	0.0	2	0.8156174725618293
outfit	1	-0.851968703038871	6	1.5219483387219341
man	468	232.12688305281344	383	-149.5876983918255
tail	0	-0.0	25	10.195218407022866
its	3	-6.252337152994508	69	25.202189408486213
show	0	-0.0	72	29.362229012225853
carry	2	-0.5847058302068966	6	0.7207599829747977
pucker	0	-0.0	4	1.6312349451236585
crayon	3	3.2818243380493275	0	-0.0
boy	67	12.102896950373617	100	-10.501489014774812
aim	0	-0.0	4	1.6312349451236585
leg	6	-9.881391467452556	87	29.67721047505506
submerge	0	0.0	2	0.8156174725618293
perk	0	0.0	1	0.40780873628091463
saran	0	0.0	1	0.40780873628091463
eh	0	0.0	1	0.40780873628091463
make	7	-4.184141952582408	31	6.330503212229905
speckled	0	-0.0	3	1.223426208842744
cucumberlike	0	0.0	1	0.40780873628091463
stall	1	1.0939414460164425	0	0.0
pouty	0	0.0	2	0.8156174725618293
prominent	0	0.0	1	0.40780873628091463
twice	0	0.0	1	0.40780873628091463
stand	677	673.9856803798232	70	-137.18328447617816
cone	0	0.0	2	0.8156174725618293
left	0	-0.0	674	274.86308825333646
video	20	21.87882892032885	0	-0.0
fish	6	1.065904284853719	9	-0.9271519873656828
top	293	101.85430008971494	325	-76.32772512528807
jump	17	12.734716315320112	7	-5.770344615082021
mound	0	0.0	2	0.8156174725618293
bare	1	1.0939414460164425	0	0.0
inscription	0	0.0	1	0.40780873628091463
black	38	-26.350051646065875	189	42.45048369938033
clasp	0	0.0	2	0.8156174725618293
tarmac	1	1.0939414460164425	0	0.0
stare	0	-0.0	3	1.223426208842744
direct	0	0.0	2	0.8156174725618293
sidewak	0	0.0	1	0.40780873628091463
crosswalk	0	0.0	2	0.8156174725618293
guitarist	0	-0.0	3	1.223426208842744
equal	0	-0.0	6	2.446852417685488
strawberry	3	0.33933657901414627	5	-0.31097446482410973
coconut	0	0.0	1	0.40780873628091463
post	0	-0.0	4	1.6312349451236585
canopy	0	0.0	1	0.40780873628091463
where	0	-0.0	10	4.078087362809146
motocycle	0	0.0	1	0.40780873628091463
flaking	0	0.0	1	0.40780873628091463
collarbone	0	0.0	1	0.40780873628091463
ear	0	-0.0	41	16.720158187517498
blurred	0	-0.0	9	3.6702786265282317
maroon	0	0.0	1	0.40780873628091463
through	5	-0.6491699280283658	12	0.7140245041523698
rise	0	0.0	2	0.8156174725618293
stadium	1	1.0939414460164425	0	0.0
farth	0	0.0	2	0.8156174725618293
tub	0	0.0	1	0.40780873628091463
blown	0	0.0	1	0.40780873628091463
4	0	-0.0	6	2.446852417685488
paralell	0	0.0	1	0.40780873628091463
gym	1	-0.004670842651666618	2	0.004687256345501822
rectangular	0	-0.0	3	1.223426208842744
receipt	0	0.0	1	0.40780873628091463
pastor	0	-0.0	3	1.223426208842744
flannel	0	-0.0	3	1.223426208842744
dividing	0	0.0	1	0.40780873628091463
touch	2	-6.406687920404696	145	57.14593432879916
totally	0	-0.0	5	2.039043681404573
lipstick	0	0.0	1	0.40780873628091463
couch	22	16.52192728757149	9	-7.460585017812113
smoke	2	-0.5847058302068966	6	0.7207599829747977
fry	7	5.898389124148752	2	-2.19253732099072
tire	0	-0.0	8	3.262469890247317
windshield	0	-0.0	4	1.6312349451236585
crouton	0	0.0	1	0.40780873628091463
lake	2	1.3769526758165576	1	-0.6908035523871945
glove	1	-0.851968703038871	6	1.5219483387219341
sushi	1	-0.697818023211612	5	1.1274358974347987
kissing	0	0.0	1	0.40780873628091463
jet	2	0.35530142828457656	3	-0.3090506624552276
french	1	1.0939414460164425	0	0.0
splayed	0	0.0	1	0.40780873628091463
dart	0	0.0	2	0.8156174725618293
open	0	-0.0	139	56.68541434304689
part	0	-0.0	108	44.04334351833878
Womens	0	0.0	1	0.40780873628091463
ocean	1	1.0939414460164425	0	0.0
skirt	0	0.0	2	0.8156174725618293
striped	0	0.0	1	0.40780873628091463
swing	0	0.0	1	0.40780873628091463
mascot	0	-0.0	5	2.039043681404573
we	0	-0.0	13	5.30151357165189
huge	0	0.0	1	0.40780873628091463
transparent	0	0.0	2	0.8156174725618293
across	1	-1.5451158835988164	13	4.338109933653497
tablecloth	0	0.0	1	0.40780873628091463
stright	0	0.0	1	0.40780873628091463
structure	0	-0.0	3	1.223426208842744
tip	0	-0.0	36	14.681114506112927
zig	0	0.0	1	0.40780873628091463
succeed	0	0.0	1	0.40780873628091463
these	0	0.0	1	0.40780873628091463
touching	0	-0.0	3	1.223426208842744
cage	1	0.4007942654564971	1	-0.28533844427903077
set	2	-0.3176430449578511	5	0.35668249829850396
same	0	-0.0	6	2.446852417685488
dispenser	3	2.4187781206939825	1	-0.9784856248389762
connect	0	-0.0	3	1.223426208842744
backyard	2	2.187882892032885	0	-0.0
cherry	0	0.0	1	0.40780873628091463
character	2	-3.418837869780184	31	10.703939758286987
checker	0	0.0	1	0.40780873628091463
bull	0	0.0	1	0.40780873628091463
hour	0	0.0	1	0.40780873628091463
ready	0	0.0	1	0.40780873628091463
wrap	2	-0.5847058302068966	6	0.7207599829747977
appetizer	0	0.0	1	0.40780873628091463
vintage	2	2.187882892032885	0	-0.0
some	13	-9.879347456142053	70	16.62243593735724
her	81	-79.07201394308737	561	153.1200906817568
nothing	0	-0.0	7	2.8546611539664024
cross	0	-0.0	7	2.8546611539664024
frost	3	3.2818243380493275	0	-0.0
recliner	0	0.0	2	0.8156174725618293
magician	0	0.0	1	0.40780873628091463
after	0	-0.0	4	1.6312349451236585
kettle	0	0.0	1	0.40780873628091463
golf	0	0.0	1	0.40780873628091463
landing	0	0.0	1	0.40780873628091463
mouth	5	-12.94962733136975	194	74.17824170023195
grimace	0	0.0	1	0.40780873628091463
game	37	38.528015363647775	2	-5.125211458577571
weaponry	0	0.0	1	0.40780873628091463
old	2	-1.395636046423224	10	2.254871794869615
9	0	0.0	1	0.40780873628091463
sidewalk	21	21.995850038012527	1	-2.6832337170774014
chopstick	1	1.0939414460164425	0	0.0
enclosure	1	1.0939414460164425	0	0.0
directly	0	-0.0	43	17.53577566007933
beside	0	-0.0	4	1.6312349451236585
basket	4	0.3293621373518505	7	-0.3092347122349981
signal	0	0.0	1	0.40780873628091463
pickup	1	1.0939414460164425	0	0.0
row	41	30.629890589147656	17	-13.930155813557901
word	0	-0.0	35	14.273305769832012
Airways	1	1.0939414460164425	0	0.0
shape	30	8.268933675074717	38	-6.61628674841462
blurri	0	0.0	1	0.40780873628091463
suv	0	0.0	1	0.40780873628091463
groom	2	-3.0174964788558825	25	8.271192378619663
bottle	15	3.699653784438599	20	-3.0361410330901606
beverage	1	0.4007942654564971	1	-0.28533844427903077
forest	1	1.0939414460164425	0	0.0
sunny	5	5.4697072300822125	0	-0.0
cart	3	3.2818243380493275	0	-0.0
many	0	-0.0	9	3.6702786265282317
print	0	0.0	1	0.40780873628091463
party	1	1.0939414460164425	0	0.0
less	0	-0.0	5	2.039043681404573
somete	0	0.0	1	0.40780873628091463
illuminate	0	0.0	1	0.40780873628091463
newspaper	0	0.0	1	0.40780873628091463
lady	0	-0.0	18	7.340557253056463
soup	4	2.753905351633115	2	-1.381607104774389
platter	0	0.0	2	0.8156174725618293
dunk	0	0.0	2	0.8156174725618293
whole	0	-0.0	13	5.30151357165189
except	0	-0.0	7	2.8546611539664024
x	0	-0.0	4	1.6312349451236585
bow	0	-0.0	9	3.6702786265282317
apron	0	-0.0	4	1.6312349451236585
slotted	0	0.0	1	0.40780873628091463
measure	0	0.0	2	0.8156174725618293
classroom	4	4.37576578406577	0	-0.0
tumble	0	0.0	2	0.8156174725618293
stip	0	0.0	1	0.40780873628091463
underwater	2	2.187882892032885	0	-0.0
escort	0	0.0	1	0.40780873628091463
photographer	0	0.0	2	0.8156174725618293
stern	0	0.0	2	0.8156174725618293
any	0	-0.0	39	15.90454071495567
mountainside	0	0.0	1	0.40780873628091463
cello	0	0.0	2	0.8156174725618293
badly	0	0.0	2	0.8156174725618293
mixing	0	0.0	1	0.40780873628091463
umbrella	16	12.407803438366528	6	-5.3488454870960815
alpaca	0	-0.0	3	1.223426208842744
start	0	-0.0	63	25.691950385697623
cheek	0	-0.0	9	3.6702786265282317
anyone	0	0.0	1	0.40780873628091463
deep	0	0.0	2	0.8156174725618293
closely	0	0.0	1	0.40780873628091463
perch	6	5.638744597135101	1	-1.5381014127743988
broccoli	4	4.37576578406577	0	-0.0
bush	0	0.0	1	0.40780873628091463
scarf	1	1.0939414460164425	0	0.0
explosion	0	0.0	2	0.8156174725618293
from	9	-13.16181750978331	107	34.994069621100785
rack	8	6.966383157617869	2	-2.40325835230637
flank	0	0.0	1	0.40780873628091463
kiss	2	-0.009341685303333236	4	0.009374512691003645
upper	0	-0.0	54	22.02167175916939
lightning	0	0.0	1	0.40780873628091463
shock	0	0.0	1	0.40780873628091463
female	0	-0.0	6	2.446852417685488
guinea	1	1.0939414460164425	0	0.0
strange	0	0.0	1	0.40780873628091463
bubble	0	0.0	2	0.8156174725618293
beard	1	0.4007942654564971	1	-0.28533844427903077
alert	0	0.0	1	0.40780873628091463
highlight	0	0.0	1	0.40780873628091463
elongate	0	0.0	1	0.40780873628091463
wire	10	5.63313194954274	7	-3.356461211039923
drum	0	-0.0	3	1.223426208842744
yet	0	-0.0	27	11.010835879584695
male	0	-0.0	6	2.446852417685488
chain	0	0.0	1	0.40780873628091463
corner	1	-3.811333332421987	134	53.65008354431532
cobblestone	0	0.0	1	0.40780873628091463
pointer	0	-0.0	16	6.524939780494634
basketball	43	46.05093289504495	1	-3.376380897637347
lower	0	0.0	1	0.40780873628091463
stew	1	1.0939414460164425	0	0.0
unwrap	0	0.0	1	0.40780873628091463
step	1	-0.2923529151034483	3	0.36037999148739885
blak	0	0.0	1	0.40780873628091463
sign	12	-1.9058582697471067	30	2.140094989791077
border	0	-0.0	4	1.6312349451236585
shut	0	-0.0	3	1.223426208842744
listen	1	1.0939414460164425	0	0.0
just	0	-0.0	229	93.38820060832946
blue	27	-27.830430555790894	199	55.83513378489137
billboard	3	3.2818243380493275	0	-0.0
nail	2	-1.395636046423224	10	2.254871794869615
jar	0	-0.0	8	3.262469890247317
lemon	0	0.0	1	0.40780873628091463
backr	0	0.0	2	0.8156174725618293
seven	0	0.0	2	0.8156174725618293
comic	1	-0.2923529151034483	3	0.36037999148739885
outstretche	0	-0.0	5	2.039043681404573
plus	0	0.0	1	0.40780873628091463
diagonally	0	0.0	1	0.40780873628091463
neckline	0	0.0	1	0.40780873628091463
not	0	-0.0	305	124.38166456567842
key	0	-0.0	4	1.6312349451236585
speck	0	0.0	1	0.40780873628091463
dirt	14	11.039837150513655	5	-4.63596165225713
battery	0	0.0	1	0.40780873628091463
sugar	2	2.187882892032885	0	-0.0
section	0	-0.0	7	2.8546611539664024
round	0	-0.0	4	1.6312349451236585
inline	0	0.0	2	0.8156174725618293
cursive	0	0.0	1	0.40780873628091463
5	0	-0.0	8	3.262469890247317
hair	19	-3.4414183198712767	49	3.925945131556338
SUV	0	-0.0	3	1.223426208842744
aluminum	0	-0.0	3	1.223426208842744
tackle	0	0.0	1	0.40780873628091463
here	0	-0.0	5	2.039043681404573
eyelash	0	0.0	1	0.40780873628091463
dome	0	0.0	1	0.40780873628091463
iced	0	0.0	1	0.40780873628091463
firmly	0	0.0	1	0.40780873628091463
snowboard	4	4.37576578406577	0	-0.0
meal	2	2.187882892032885	0	-0.0
seperate	0	0.0	1	0.40780873628091463
ladybug	0	-0.0	4	1.6312349451236585
different	6	4.130858027449662	3	-2.072410657161589
counter	15	12.093890603469939	5	-4.892428124194881
cushion	0	0.0	1	0.40780873628091463
veggie	0	0.0	1	0.40780873628091463
little	73	46.0491808122683	43	-25.13699758267122
fishing	0	-0.0	3	1.223426208842744
too	0	-0.0	3	1.223426208842744
monkey	0	0.0	1	0.40780873628091463
she	3	-8.138163131261635	132	50.864336216609054
visibly	0	0.0	2	0.8156174725618293
mark	0	-0.0	3	1.223426208842744
ingredient	0	0.0	2	0.8156174725618293
digital	2	2.187882892032885	0	-0.0
Swan	0	0.0	1	0.40780873628091463
faded	0	-0.0	3	1.223426208842744
pompom	0	0.0	1	0.40780873628091463
nearby	0	0.0	1	0.40780873628091463
shore	0	0.0	1	0.40780873628091463
base	0	-0.0	6	2.446852417685488
spatula	0	-0.0	11	4.485896099090061
jellyfish	1	0.4007942654564971	1	-0.28533844427903077
rail	0	0.0	1	0.40780873628091463
tissue	0	0.0	2	0.8156174725618293
leftmost	0	0.0	2	0.8156174725618293
should	0	0.0	2	0.8156174725618293
attach	2	2.187882892032885	0	-0.0
straightt	0	0.0	1	0.40780873628091463
salad	7	2.8055598581954797	7	-1.9973691099532154
check	0	0.0	1	0.40780873628091463
builder	0	0.0	1	0.40780873628091463
beach	30	27.348596676674628	6	-8.30370439768284
turn	0	-0.0	33	13.457688297270183
court	39	41.676321883254005	1	-3.281070717833021
Luigi	0	0.0	1	0.40780873628091463
belt	2	1.3769526758165576	1	-0.6908035523871945
salsa	0	0.0	1	0.40780873628091463
dog	91	47.06562017438269	71	-29.614648255620963
which	0	-0.0	13	5.30151357165189
portion	0	-0.0	17	6.932748516775549
vehice	0	0.0	1	0.40780873628091463
remote	4	3.4831915788089347	1	-1.201629176153185
bureau	0	0.0	1	0.40780873628091463
parallel	0	-0.0	6	2.446852417685488
butter	2	2.187882892032885	0	-0.0
strie	0	0.0	1	0.40780873628091463
shelf	7	5.898389124148752	2	-2.19253732099072
shaker	0	0.0	1	0.40780873628091463
90	0	-0.0	12	4.893704835370976
flesh	0	-0.0	3	1.223426208842744
multiple	0	0.0	2	0.8156174725618293
fenced	4	4.37576578406577	0	-0.0
dump	0	-0.0	4	1.6312349451236585
gun	4	-3.1114429235405936	22	5.296602335590478
train	6	4.130858027449662	3	-2.072410657161589
virus	0	0.0	1	0.40780873628091463
beanie	0	0.0	1	0.40780873628091463
flour	0	-0.0	5	2.039043681404573
rice	0	-0.0	3	1.223426208842744
husband	1	1.0939414460164425	0	0.0
cardboard	2	2.187882892032885	0	-0.0
overlaying	0	0.0	1	0.40780873628091463
bike	7	4.493694255913697	4	-2.415168701590261
before	0	-0.0	3	1.223426208842744
fork	1	-0.851968703038871	6	1.5219483387219341
cucumber	0	-0.0	4	1.6312349451236585
distance	0	-0.0	14	5.709322307932805
lead	0	0.0	1	0.40780873628091463
peice	0	0.0	1	0.40780873628091463
dead	0	0.0	2	0.8156174725618293
hunch	0	0.0	2	0.8156174725618293
crate	0	0.0	1	0.40780873628091463
serving	0	0.0	1	0.40780873628091463
vertically	0	-0.0	3	1.223426208842744
slightly	0	-0.0	111	45.266769727181526
pic	0	-0.0	4	1.6312349451236585
Beast	0	0.0	1	0.40780873628091463
fabric	2	1.3769526758165576	1	-0.6908035523871945
wrestler	0	-0.0	14	5.709322307932805
friend	0	0.0	1	0.40780873628091463
power	0	0.0	1	0.40780873628091463
Father	0	0.0	1	0.40780873628091463
manhole	0	0.0	1	0.40780873628091463
yard	3	3.2818243380493275	0	-0.0
veil	0	0.0	1	0.40780873628091463
doorframe	0	-0.0	3	1.223426208842744
tape	0	0.0	1	0.40780873628091463
stick	1	-1.9971010073418736	21	7.587063133566444
shirt	20	-11.285732611741786	85	16.702469622165125
brake	0	0.0	1	0.40780873628091463
ref	0	0.0	2	0.8156174725618293
short	1	-0.851968703038871	6	1.5219483387219341
1	0	0.0	1	0.40780873628091463
skateboarder	2	2.187882892032885	0	-0.0
ladle	0	0.0	1	0.40780873628091463
scooter	2	2.187882892032885	0	-0.0
obscure	0	-0.0	19	7.748365989337378
screen	18	-6.703121209985692	60	8.726668308805507
beak	0	-0.0	3	1.223426208842744
backwards	0	-0.0	6	2.446852417685488
glowing	0	0.0	1	0.40780873628091463
kite	18	19.690946028295965	0	-0.0
battlefield	1	1.0939414460164425	0	0.0
cow	3	1.749347466751356	2	-1.0169639911864792
chew	0	0.0	1	0.40780873628091463
soda	0	0.0	1	0.40780873628091463
urinal	1	0.4007942654564971	1	-0.28533844427903077
hawaiian	0	0.0	1	0.40780873628091463
lava	0	0.0	1	0.40780873628091463
couple	140	141.63846868912603	12	-25.573981617328343
sunlight	0	-0.0	5	2.039043681404573
meaty	0	0.0	1	0.40780873628091463
80	0	0.0	2	0.8156174725618293
tripod	2	0.8015885309129942	2	-0.5706768885580615
vanish	0	0.0	1	0.40780873628091463
frame	1	-3.140165058580817	68	26.73827570646369
computer	36	35.588913492910166	4	-7.5791054268525215
together	3	-3.1966284100107902	23	6.5597475263374
stripe	0	-0.0	24	9.787409670741951
square	0	-0.0	7	2.8546611539664024
possibly	0	0.0	1	0.40780873628091463
curly	0	0.0	1	0.40780873628091463
women	0	0.0	1	0.40780873628091463
behind	0	-0.0	123	50.1604745625525
lego	0	0.0	1	0.40780873628091463
path	3	1.749347466751356	2	-1.0169639911864792
rainy	1	1.0939414460164425	0	0.0
snowman	1	-0.004670842651666618	2	0.004687256345501822
lizard	0	0.0	1	0.40780873628091463
teapot	0	0.0	2	0.8156174725618293
pinched	0	0.0	1	0.40780873628091463
car	65	26.553560250776364	64	-18.759717422149492
oil	0	-0.0	6	2.446852417685488
herd	15	16.409121690246636	0	-0.0
air	25	11.566741729364649	22	-7.72852106555823
dollar	1	1.0939414460164425	0	0.0
organ	0	0.0	1	0.40780873628091463
cheerleader	0	0.0	1	0.40780873628091463
ornament	0	-0.0	3	1.223426208842744
busy	2	2.187882892032885	0	-0.0
raise	0	-0.0	12	4.893704835370976
cover	5	-10.462055935730996	116	42.410572287702486
carving	0	0.0	1	0.40780873628091463
cute	0	0.0	1	0.40780873628091463
by	4	-8.880978234624333	106	39.30135124766008
violin	1	1.0939414460164425	0	0.0
human	0	0.0	2	0.8156174725618293
mic	0	0.0	2	0.8156174725618293
longsleeve	0	0.0	1	0.40780873628091463
dragonfly	0	0.0	1	0.40780873628091463
robe	2	0.35530142828457656	3	-0.3090506624552276
tentacle	0	0.0	2	0.8156174725618293
split	0	0.0	2	0.8156174725618293
sandwich	11	6.616114570105145	7	-3.756570107919549
far	0	-0.0	88	35.88716879272049
dominant	0	0.0	1	0.40780873628091463
recline	0	0.0	1	0.40780873628091463
polka	0	-0.0	3	1.223426208842744
rope	0	0.0	2	0.8156174725618293
flop	1	1.0939414460164425	0	0.0
clockwise	0	0.0	1	0.40780873628091463
parchment	0	0.0	1	0.40780873628091463
crushed	0	0.0	1	0.40780873628091463
snake	0	-0.0	3	1.223426208842744
footstool	0	0.0	1	0.40780873628091463
bee	1	1.0939414460164425	0	0.0
lid	1	-0.004670842651666618	2	0.004687256345501822
cowboy	0	0.0	1	0.40780873628091463
adn	0	0.0	1	0.40780873628091463
join	0	0.0	1	0.40780873628091463
purple	1	-2.6437281722669255	41	15.732158572776076
processor	2	2.187882892032885	0	-0.0
between	0	-0.0	52	21.20605428660756
poking	0	0.0	1	0.40780873628091463
infant	0	0.0	1	0.40780873628091463
preacher	0	0.0	1	0.40780873628091463
writer	0	0.0	1	0.40780873628091463
at	40	-50.8647378455597	386	119.35380915788066
crouch	0	-0.0	3	1.223426208842744
percent	0	0.0	2	0.8156174725618293
visibility	0	0.0	2	0.8156174725618293
sleeveless	0	0.0	1	0.40780873628091463
tray	13	7.382028551555615	9	-4.374082257670633
pastry	1	1.0939414460164425	0	0.0
snowboarder	1	1.0939414460164425	0	0.0
plae	0	0.0	1	0.40780873628091463
table	259	236.777077451328	51	-71.24383435217152
floral	0	0.0	2	0.8156174725618293
full	31	15.031198862678194	26	-9.805795831836026
rafter	0	0.0	1	0.40780873628091463
somewhat	0	-0.0	4	1.6312349451236585
motorbike	5	5.4697072300822125	0	-0.0
splatter	0	0.0	1	0.40780873628091463
peel	0	-0.0	6	2.446852417685488
wide	0	-0.0	22	8.971792198180122
double	0	-0.0	6	2.446852417685488
Batman	1	1.0939414460164425	0	0.0
copper	0	-0.0	3	1.223426208842744
SED	0	0.0	1	0.40780873628091463
unwrapped	0	0.0	2	0.8156174725618293
bill	1	-0.004670842651666618	2	0.004687256345501822
dreadlock	0	0.0	1	0.40780873628091463
become	0	0.0	1	0.40780873628091463
dace	0	0.0	1	0.40780873628091463
shell	0	0.0	1	0.40780873628091463
blueish	0	0.0	2	0.8156174725618293
but	0	-0.0	247	100.72875786138592
roof	1	-0.004670842651666618	2	0.004687256345501822
climb	0	0.0	2	0.8156174725618293
jean	0	-0.0	4	1.6312349451236585
streetlight	0	-0.0	4	1.6312349451236585
book	17	12.040742408475765	8	-5.8530043752596015
cup	10	3.520041012870667	11	-2.62700271508551
find	0	0.0	1	0.40780873628091463
what	0	-0.0	10	4.078087362809146
condensation	0	0.0	1	0.40780873628091463
lettering	0	-0.0	4	1.6312349451236585
bend	1	-1.2086436469776043	9	2.7220339856078066
sandle	0	0.0	1	0.40780873628091463
greenish	0	-0.0	3	1.223426208842744
dress	26	10.420650901868925	26	-7.4187995512548
hill	1	1.0939414460164425	0	0.0
side	32	-39.27104104161725	294	89.52038994234942
straighten	0	0.0	1	0.40780873628091463
trailer	0	0.0	1	0.40780873628091463
move	0	-0.0	20	8.156174725618293
skyscraper	0	0.0	1	0.40780873628091463
referee	0	-0.0	5	2.039043681404573
runner	1	1.0939414460164425	0	0.0
than	0	-0.0	17	6.932748516775549
happy	0	0.0	1	0.40780873628091463
inward	0	0.0	1	0.40780873628091463
picture	70	-20.9629268010619	212	25.96744328314019
shooter	0	0.0	1	0.40780873628091463
work	1	0.4007942654564971	1	-0.28533844427903077
onto	3	-0.6160246143414572	8	0.7148400412990412
Wrestler	0	0.0	1	0.40780873628091463
salt	0	-0.0	4	1.6312349451236585
marry	1	1.0939414460164425	0	0.0
chest	0	-0.0	17	6.932748516775549
pinkie	0	-0.0	3	1.223426208842744
wooden	30	21.328475812810108	14	-10.322529952309232
disappear	0	-0.0	14	5.709322307932805
2nd	0	-0.0	4	1.6312349451236585
substance	0	-0.0	6	2.446852417685488
pouch	0	0.0	1	0.40780873628091463
extended	0	0.0	1	0.40780873628091463
lamp	0	0.0	2	0.8156174725618293
barcode	0	0.0	1	0.40780873628091463
blur	0	-0.0	27	11.010835879584695
direction	0	-0.0	8	3.262469890247317
blank	0	0.0	2	0.8156174725618293
layer	0	0.0	2	0.8156174725618293
motorcyclist	2	2.187882892032885	0	-0.0
Guess	0	0.0	1	0.40780873628091463
goat	5	-0.02335421325834197	10	0.023436281727509112
obviously	0	0.0	1	0.40780873628091463
1.5	0	0.0	1	0.40780873628091463
shake	0	-0.0	3	1.223426208842744
decorate	1	1.0939414460164425	0	0.0
person	360	194.07561726012352	267	-119.0524019691195
wig	0	0.0	1	0.40780873628091463
closet	1	1.0939414460164425	0	0.0
spherical	0	0.0	1	0.40780873628091463
ceiling	2	0.8015885309129942	2	-0.5706768885580615
he	4	-9.700155885208385	131	49.48279781671622
spread	0	-0.0	10	4.078087362809146
opposite	0	-0.0	3	1.223426208842744
lap	4	3.4831915788089347	1	-1.201629176153185
dresser	6	4.837556241387965	2	-1.9569712496779523
faintly	0	-0.0	3	1.223426208842744
ape	0	0.0	1	0.40780873628091463
Jeep	0	0.0	1	0.40780873628091463
beef	1	0.4007942654564971	1	-0.28533844427903077
golden	2	-0.009341685303333236	4	0.009374512691003645
curve	0	-0.0	6	2.446852417685488
motorized	3	3.2818243380493275	0	-0.0
higher	0	0.0	1	0.40780873628091463
d	0	0.0	1	0.40780873628091463
zoom	0	0.0	1	0.40780873628091463
license	0	-0.0	3	1.223426208842744
level	0	-0.0	24	9.787409670741951
read	3	-0.6160246143414572	8	0.7148400412990412
design	0	-0.0	4	1.6312349451236585
inside	4	-3.548240091400565	25	6.484718279066026
appliance	0	0.0	2	0.8156174725618293
identifiable	0	0.0	1	0.40780873628091463
blossom	0	0.0	2	0.8156174725618293
cell	119	129.18321036516545	1	-4.379683006501131
awkward	0	0.0	1	0.40780873628091463
knife	12	4.809531185477965	12	-3.424061331348369
white	118	-19.026308594498378	296	21.401456166779255
instrument	2	0.35530142828457656	3	-0.3090506624552276
wipe	0	0.0	1	0.40780873628091463
bathroom	8	8.75153156813154	0	-0.0
spotted	0	0.0	1	0.40780873628091463
downward	0	-0.0	8	3.262469890247317
Goofy	0	0.0	1	0.40780873628091463
instead	0	0.0	1	0.40780873628091463
particle	0	0.0	1	0.40780873628091463
saxophone	0	0.0	2	0.8156174725618293
up	209	82.76838622110266	211	-59.2040345608109
run	7	1.8708401098238205	9	-1.5079986776038226
chin	0	-0.0	36	14.681114506112927
sale	0	0.0	1	0.40780873628091463
crowbar	0	0.0	1	0.40780873628091463
string	1	-0.9855000956633937	7	1.9199414055947432
firefighter	2	2.187882892032885	0	-0.0
package	0	-0.0	5	2.039043681404573
pack	0	0.0	1	0.40780873628091463
ever	0	0.0	1	0.40780873628091463
especially	0	0.0	2	0.8156174725618293
peeler	0	0.0	1	0.40780873628091463
toward	0	-0.0	22	8.971792198180122
chocolate	13	9.287873716050001	6	-4.469224641944827
size	0	0.0	1	0.40780873628091463
khakis	0	0.0	1	0.40780873628091463
his	79	-71.34341079058983	503	131.75001470055636
giraffe	8	5.50781070326623	4	-2.763214209548778
into	13	-5.875779789039312	48	8.070522384743668
whether	0	0.0	1	0.40780873628091463
so	0	-0.0	25	10.195218407022866
toddler	3	2.4187781206939825	1	-0.9784856248389762
difficult	0	0.0	1	0.40780873628091463
knob	0	-0.0	4	1.6312349451236585
Pink	0	0.0	1	0.40780873628091463
pillar	0	0.0	2	0.8156174725618293
island	0	0.0	1	0.40780873628091463
musician	3	3.2818243380493275	0	-0.0
tanktop	0	0.0	1	0.40780873628091463
granola	1	1.0939414460164425	0	0.0
confused	0	0.0	1	0.40780873628091463
burst	0	0.0	1	0.40780873628091463
cubicle	1	1.0939414460164425	0	0.0
length	0	-0.0	4	1.6312349451236585
pass	0	-0.0	10	4.078087362809146
overlaid	0	0.0	2	0.8156174725618293
few	0	-0.0	3	1.223426208842744
12:00	0	0.0	1	0.40780873628091463
be	339	-429.0680074974915	3250	1002.9178914855432
ziplock	0	0.0	1	0.40780873628091463
alley	0	0.0	2	0.8156174725618293
butt	0	-0.0	5	2.039043681404573
surface	2	-1.9710001913267874	14	3.8398828111894865
back	21	-22.719730768107667	164	47.12037160039339
lie	0	-0.0	6	2.446852417685488
wheel	0	-0.0	20	8.156174725618293
second	0	-0.0	15	6.1171310442137194
blurriest	0	0.0	1	0.40780873628091463
eyeball	0	0.0	2	0.8156174725618293
canon	0	0.0	1	0.40780873628091463
healthy	0	0.0	1	0.40780873628091463
sole	0	-0.0	3	1.223426208842744
blow	1	0.4007942654564971	1	-0.28533844427903077
wise	0	0.0	1	0.40780873628091463
peacock	0	0.0	1	0.40780873628091463
tooth	1	-3.0957132960099827	65	25.51518216975815
prong	1	1.0939414460164425	0	0.0
countertop	0	0.0	2	0.8156174725618293
bite	0	-0.0	3	1.223426208842744
begin	0	-0.0	10	4.078087362809146
drive	16	7.987749412315992	13	-5.128990571172308
finally	0	0.0	1	0.40780873628091463
cause	0	0.0	1	0.40780873628091463
gift	0	-0.0	7	2.8546611539664024
drumstick	0	0.0	1	0.40780873628091463
skillet	1	0.4007942654564971	1	-0.28533844427903077
rose	2	2.187882892032885	0	-0.0
jeep	2	0.8015885309129942	2	-0.5706768885580615
ledge	1	1.0939414460164425	0	0.0
parking	10	9.116198892224894	2	-2.7679014658942798
sideways	0	-0.0	5	2.039043681404573
bring	0	-0.0	6	2.446852417685488
bookshelf	1	1.0939414460164425	0	0.0
mustache	1	1.0939414460164425	0	0.0
smile	2	-3.592860623759446	34	11.922110962992914
audience	0	-0.0	3	1.223426208842744
loop	0	0.0	1	0.40780873628091463
vissible	0	0.0	1	0.40780873628091463
colored	0	0.0	2	0.8156174725618293
dancer	0	-0.0	7	2.8546611539664024
comforter	0	0.0	1	0.40780873628091463
throw	1	-0.5154964664176571	4	0.7386607398668232
ground	15	-6.481722862179113	54	8.78505902538824
boardwalk	1	1.0939414460164425	0	0.0
trail	0	0.0	1	0.40780873628091463
chicken	3	-0.3300940749284802	7	0.3579365463952815
alone	0	0.0	1	0.40780873628091463
clapping	0	0.0	1	0.40780873628091463
gate	0	0.0	1	0.40780873628091463
height	0	-0.0	5	2.039043681404573
each	144	125.3948968371214	36	-43.25865034151472
offroad	0	0.0	1	0.40780873628091463
shred	0	0.0	1	0.40780873628091463
horizontally	0	-0.0	5	2.039043681404573
storefront	0	0.0	1	0.40780873628091463
race	1	1.0939414460164425	0	0.0
2/3	0	-0.0	4	1.6312349451236585
rectangle	0	-0.0	4	1.6312349451236585
proud	0	0.0	1	0.40780873628091463
welcome	1	1.0939414460164425	0	0.0
;	0	-0.0	3	1.223426208842744
entirely	0	-0.0	12	4.893704835370976
oval	0	-0.0	14	5.709322307932805
slight	0	-0.0	9	3.6702786265282317
coleslaw	0	0.0	1	0.40780873628091463
cabinet	8	4.867469041877939	5	-2.7385135437326102
drawer	0	-0.0	6	2.446852417685488
electronic	2	-0.009341685303333236	4	0.009374512691003645
herb	0	0.0	2	0.8156174725618293
hat	47	17.84782024415729	49	-12.971238696738434
cellist	0	0.0	1	0.40780873628091463
butterfly	0	0.0	2	0.8156174725618293
musical	0	0.0	2	0.8156174725618293
ride	52	51.20659201067547	6	-11.165248830224694
cutting	2	0.35530142828457656	3	-0.3090506624552276
ripple	0	0.0	1	0.40780873628091463
green	18	-15.618907080126146	110	28.188472196908574
sparkly	0	0.0	1	0.40780873628091463
walking	0	0.0	1	0.40780873628091463
photo	47	35.458412367903605	19	-15.910733505002336
c	0	-0.0	3	1.223426208842744
multicolore	0	0.0	1	0.40780873628091463
tongue	0	-0.0	5	2.039043681404573
pepper	1	-0.5154964664176571	4	0.7386607398668232
tell	0	0.0	1	0.40780873628091463
hawk	0	-0.0	5	2.039043681404573
camoflage	0	0.0	1	0.40780873628091463
swirl	0	-0.0	3	1.223426208842744
sofa	0	-0.0	8	3.262469890247317
come	1	-2.543644713709943	37	14.102198100353856
hug	1	0.4007942654564971	1	-0.28533844427903077
extreme	0	0.0	1	0.40780873628091463
laptop	14	8.365063835835723	9	-4.774148120808135
figurine	1	1.0939414460164425	0	0.0
schoolbus	0	0.0	1	0.40780873628091463
monument	0	0.0	1	0.40780873628091463
expression	0	-0.0	6	2.446852417685488
sip	0	0.0	1	0.40780873628091463
typewriter	1	-0.004670842651666618	2	0.004687256345501822
swimmer	0	0.0	1	0.40780873628091463
chunk	0	0.0	1	0.40780873628091463
soldier	3	1.2023827963694913	3	-0.8560153328370923
there	1	-4.87732039377402	391	158.45449248204494
tank	1	-1.1032831313197775	8	2.3202056049962465
